2108
1391
1433
1603
1563
1143
1108
1406
1503
1483
1472
1248
1337
1210
1379
1262
1098
1072
1157
1560
1477
1405
1214
1567
1322
1027
1244
1791
1910
1767
1427
886
1869
1329
1352
1726
1964
1672
1282
1043
886
1159
1086
1286
1618
1948
1866
1632
1093
1101
1062
1204
1121
1302
1291
1522
1468
1186
1436
1762
2158
1925
1508
1190
1588
1562
1394
1919
2149
1871
1679
1428
1211
1073
749
868
1071
1797
1667
1620
920
1104
1164
1460
1122
1391
1281
1428
1608
1415
1797
1477
1572
1580
1389
1147
1797
1648
1515
1488
1399
1305
1661
1886
1652
1460
1157
1434
1637
2181
1935
1755
1332
1156
1245
1247
1050
1466
1291
1606
1714
1922
1985
1451
1185
1493
1701
1440
2275
1985
1849
1642
1271
1071
1141
1736
1472
1802
1726
1701
1418
1668
1522
1509
1111
1349
1365
1290
821
1043
1296
1654
1877
1868
1544
898
979
1702
2129
1608
1524
1282
1281
1344
1074
1286
1070
1422
1003
1641
1593
1598
1025
1355
1481
1757
1242
1498
1315
1174
838
1072
1294
1558
1695
1640
1253
1113
1304
1707
1759
1538
1209
1045
1404
1880
1929
1922
1846
1981
1427
1842
1635
1856
1331
1436
1164
1355
902
1184
1299
1296
1036
716
749
986
1031
1246
977
1342
1337
1593
1417
1215
1358
1261
1689
2001
2153
2084
2163
2204
1611
1808
1610
1616
1384
1268
1540
1802
1398
1167
1296
1489
1727
1252
1254
1359
1582
1820
1508
1597
1353
1407
1579
1488
1571
1682
2023
1891
2091
2099
2407
2025
1769
1623
1977
1877
1838
1393
1263
1535
1187
1389
1674
1703
1391
890
1028
1194
1622
1938
1790
1617
1615
1417
1405
940
1872
1585
1535
1442
1954
2027
2194
1804
1851
1500
1385
976
943
868
784
1101
1143
1436
1828
1635
1592
1044
1231
1246
1612
1890
1825
1798
1546
1568
1633
1663
1829
1488
1448
1784
1798
1663
1396
1654
1964
1607
1110
648
1019
1222
998
830
914
1091
1206
1274
1540
1351
1161
1023
1273
1396
1528
1675
1529
1258
1019
1204
1494
1462
1628
1947
1792
1680
1390
1916
1911
1717
1162
1064
1461
1723
1302
1190
1408
1417
1528
1803
1764
1242
689
793
1018
1330
1587
1914
1785
1684
1305
1213
1161
1573
1593
1970
1406
1496
1510
1996
1929
1837
1789
1474
1538
1261
1359
1253
1662
1436
1267
1132
898
808
719
1164
1483
1343
1115
985
996
1255
1382
1158
1445
1721
1618
1755
1568
1565
1647
1831
1455
1605
1833
1834
1933
1458
1636
1489
1799
1695
1481
1514
1070
1231
836
1410
1381
1528
1133
1012
1129
1235
1388
1045
1700
1700
1366
1437
1710
1966
2076
2154
1498
1625
1837
2186
1782
1133
1208
1260
1821
1632
1488
1294
1015
913
517
1287
1304
1533
1034
1277
1258
1437
1502
1420
1555
1609
1427
1354
1735
1852
1879
1725
1356
1186
1286
1300
1131
794
924
1029
1613
1315
1332
1101
1243
1140
834
1321
1238
1448
1018
1228
1051
1515
1676
1715
1685
1816
1588
1522
1454
1328
1474
1214
1322
1019
1555
1228
938
440
562
658
926
1026
1318
1410
1689
1643
1529
1689
1667
1633
1326
1503
1536
1697
1850
1867
1711
1582
1506
1548
1631
1733
1705
1083
1284
1261
1575
1238
1241
858
663
339
747
1205
1632
1779
1862
1761
1711
1470
1631
1375
1353
1134
1506
1553
1648
1770
1648
1879
1580
1818
1928
2048
1982
1346
1583
1397
1425
1355
1719
1651
1380
954
1245
1739
2028
1760
1330
1408
1439
1258
1401
1256
1245
855
1173
1407
1710
1886
1545
1925
1529
1711
1652
1866
1795
1492
1264
873
1169
1164
1850
1442
1241
991
1229
1772
1947
1979
1259
1127
786
1082
1352
1644
1283
1303
1473
1867
1536
1604
1777
1641
1218
1364
1760
1608
1749
1536
1285
645
952
1274
2064
1824
1510
945
1251
1360
1839
1576
1322
1135
841
1290
1370
1684
1315
1737
1479
1546
1021
1091
1736
1286
1070
994
1566
1576
1847
1634
1214
831
864
1371
1828
1571
1152
950
1248
1466
1894
1958
1545
1332
946
1153
1344
1693
1756
1693
1326
1032
856
828
1749
1771
1783
1443
1493
1505
1529
1630
1330
1517
1166
1169
1357
1459
1383
1185
1298
1496
1620
1896
1665
1402
1147
1129
1646
1562
1666
1403
1292
1108
898
1052
1761
1884
1860
1214
1400
1221
1651
1493
1812
2050
1958
1474
1153
1340
1730
1588
1274
1034
1263
1701
1665
1551
1447
1669
1815
1461
1321
1089
1269
1211
986
855
1312
1735
1694
1510
1634
1441
1478
1098
1474
1821
1976
1762
1253
1644
1689
1876
1521
1281
1416
1893
1684
1743
1803
2129
2112
1895
1696
1431
1342
1388
1245
1442
1103
1445
1711
1913
1731
1589
1615
1536
1722
1583
1472
1543
1154
1821
1660
1973
1708
1414
1441
1356
1214
1224
1440
1572
1692
1925
1802
1491
973
1392
1675
2122
836
1273
1403
1983
1805
1919
1585
1637
1571
1487
1320
1621
1587
1614
1543
1532
1804
1485
1415
954
1025
1152
1704
1519
1533
1745
1761
1543
834
996
1464
1827
1301
1272
1528
1677
1518
1239
1386
1720
1904
1459
1235
1613
1560
1324
1148
1482
1710
1645
1524
1241
1187
1175
1412
1225
957
1066
1400
1376
1116
922
1167
1460
1658
1686
1826
1477
1463
1097
1570
1893
1648
1501
1432
1764
1389
980
1225
1517
1616
1680
1853
1505
1548
1474
1478
1009
611
1084
1398
1573
1166
953
1133
1151
1539
1328
1810
1741
1497
1026
1333
1638
1534
1326
1558
1967
1628
1340
1211
1184
1156
1505
1627
1575
1574
1555
1247
1000
926
1398
1686
1779
1318
1287
1479
1747
1210
999
1458
1227
1490
1565
1974
1969
1707
1639
1599
1826
1427
1512
1377
1486
1267
1519
1664
1624
1858
1604
1421
1024
1263
1329
1830
1799
1346
1497
1803
1783
1561
1540
1766
1554
1815
2000
2329
2091
1598
1112
1022
1354
1339
1573
1443
1520
1273
1182
1039
1308
1799
1669
1568
1524
1828
1682
2026
1988
1677
1635
1836
1871
980
1072
1608
1416
1704
1533
1671
1358
1400
1484
1283
1542
1690
1768
1572
1464
1156
1166
809
1121
1537
1794
1936
1948
1751
1595
1836
1980
1964
1613
1463
1256
1466
1442
1368
1224
1118
1031
1173
966
1343
1542
1518
1701
1890
1835
1869
1514
1523
1077
675
774
1210
1392
1696
1674
1754
1426
1844
1623
1720
1376
1194
1431
1461
1632
1233
1509
1339
1542
1172
1342
1645
1883
1395
1431
1486
1740
1555
1182
1064
1130
1194
1038
1473
1394
1604
1577
1736
1323
1436
1215
1699
1785
1841
1814
1196
1497
1195
1491
1261
1297
1239
1770
1732
1627
1019
1255
1122
1279
942
1164
1474
1798
1522
1469
1470
1413
1440
1301
1350
1313
1242
1029
1324
1845
2201
2205
1632
1560
1399
1466
1400
1319
1239
1543
1395
1250
1228
1341
1324
1099
947
1415
1877
1904
1423
1317
1505
1266
1359
1159
1533
1363
1170
746
1139
1825
2337
2444
1672
1258
1156
1009
994
906
1211
1600
1413
1428
1185
1092
1078
1278
1163
1579
1556
1726
1171
1307
1165
1251
1614
1534
1748
1557
1667
1523
1458
1592
1669
2178
1764
1244
1596
1233
1425
1512
1475
1678
1373
1692
1391
1441
1599
1586
1501
1425
1451
1641
1344
1521
1147
1499
1798
1933
1575
1351
1539
1437
1098
1206
1605
1989
1661
1133
1511
1260
1666
1404
1512
1657
1737
1785
1271
1045
1133
1475
1309
1515
1267
1604
1523
1974
1516
1628
1334
1453
973
1278
1384
1184
661
1017
1392
1953
1894
1738
1779
1631
1899
1570
1617
1216
1576
1327
1307
1366
1224
1592
1206
1631
1104
1589
1469
2087
1520
1379
829
1155
793
1111
874
894
632
1119
1447
1562
1603
1510
1331
1160
1100
1018
1517
1263
1507
1196
1382
1572
1497
1813
1256
1718
1408
1475
1507
1764
1397
1310
963
1566
1501
1479
1112
877
1208
1287
1605
1409
1225
1485
1450
1391
878
1056
1220
1087
947
1228
1628
2098
1905
1877
1372
1551
1344
1269
1227
1480
1202
1391
1236
1675
1376
1367
1411
1607
1756
1655
1452
1016
1024
1085
1302
1429
909
1145
926
1353
995
1554
1466
2102
1646
1786
1422
1476
1318
1431
1727
1648
1221
1552
1339
1708
1202
1536
1322
1348
1082
1292
1241
1403
1100
1020
1039
1277
884
1250
1220
1480
1033
1363
1231
1732
1550
1709
1407
965
1041
1130
1365
1003
1144
1602
1478
1528
1365
1617
1434
1430
1537
1766
1630
1382
1411
1186
1025
1320
1574
1561
1490
1330
1467
1262
1424
1273
1670
1807
1881
1549
1562
1720
1662
1076
1168
1430
1335
1227
1462
1589
1766
1771
1956
1939
1907
1469
2049
1519
1109
913
1423
1332
1765
1223
1295
1255
1818
1609
1975
1703
1937
1563
1726
1693
1697
1548
1695
1615
1347
991
1217
1157
1629
1675
1960
1553
1661
1418
1607
1126
870
1091
1454
1235
1593
1469
1661
1624
1865
1946
1722
1773
1645
1765
1594
1587
1282
1149
1081
979
1019
1071
1050
875
1376
1452
1925
1266
1293
942
1592
1238
871
848
1116
1396
1728
1545
1218
1305
1708
2163
1665
1316
1177
1359
1147
1131
1196
1300
1319
1236
1225
1449
1494
1559
1523
1179
1577
1205
1513
1186
1429
1227
1289
957
1306
1095
1485
1345
1473
1705
2093
2199
1751
1470
1621
1381
986
1129
1154
1470
1590
1799
1832
1710
1436
1616
1773
1604
1282
796
821
934
1759
1443
1537
975
916
652
764
896
1141
1225
1600
1889
1752
1466
1663
1548
1353
1349
1054
1454
1491
1796
1852
1564
1611
1316
1505
1328
1193
1022
1291
1155
1088
1258
1319
1280
1253
1254
1026
954
1077
1082
1557
1691
1977
1823
1841
1896
1751
1687
1289
1400
1698
1769
1928
1411
1306
1271
1478
1336
1275
1377
1392
1395
1512
1782
1633
1280
1136
1356
1352
1087
966
966
1213
1444
1478
1568
1815
2203
1835
1799
1398
1837
1650
1724
1875
1696
1360
1295
1224
1391
1197
1263
1224
1245
1313
1513
1581
1462
1698
1575
1729
1686
1356
1175
848
986
1313
1605
2034
2058
1808
1753
1516
1459
1012
1378
1764
2086
1725
1830
1346
1283
1050
1472
1511
1558
1621
1473
1709
1338
1503
1032
1366
1252
1224
1092
1318
1371
1502
1478
1637
1394
1503
1474
1493
1009
700
1146
1796
2150
1858
1576
1301
1150
1155
1132
1253
1212
995
1044
1299
1375
1257
1025
1069
931
1134
1373
1919
1626
1762
1506
1861
1766
2082
1687
1438
744
810
1085
1566
1813
1812
1894
1855
1868
1752
1548
1260
910
663
574
1078
1611
1588
1315
834
726
1278
1895
2103
1932
1553
1205
1230
1493
1635
1314
1099
730
897
799
1497
1743
1640
1558
1451
1777
1633
1416
1366
1179
831
844
1202
1749
1823
1774
1302
1254
1652
2135
2302
2204
1536
1301
1304
1748
1769
1403
1026
689
1140
1344
1654
1383
1129
1464
1596
1600
1261
976
949
962
838
1131
1661
1950
1703
1468
1269
1415
1750
1819
1629
1538
1277
1220
1556
1967
2262
2118
1701
1467
1464
1500
1552
1484
1476
1663
1427
1190
1097
957
861
1136
1435
1371
1538
1796
1808
1956
2017
2061
1696
1655
1521
1776
1390
1153
1188
1502
2055
1943
1641
1706
1966
1771
1521
1242
1496
1415
1535
1124
1283
1013
961
885
1418
1577
1277
1675
1711
2089
2206
2132
1757
1450
1532
1853
1960
1556
1501
1268
1345
1265
1291
1414
1323
1178
976
885
941
1224
1371
1348
1146
1095
926
1044
1549
1526
1386
1213
1296
1732
1917
1611
1374
1589
1818
1615
1276
1154
1379
1469
1178
1113
1112
1123
1109
905
1266
1302
1305
1154
1149
1372
1279
1598
1427
1304
1070
1026
1450
1545
1696
1895
1633
1172
1236
1553
1605
1386
1284
1435
1857
1868
1451
1398
1058
1522
917
1012
774
1468
1593
1643
1235
1263
1197
1070
0
0
1417
1279
1622
1689
1625
1639
1258
1323
1100
1578
1689
1791
1454
1256
1188
1171
843
999
1108
1443
1379
1113
1299
1781
1828
1536
1327
1515
1202
1049
0
0
1450
1685
1856
1758
1434
1482
1517
1718
1392
1177
1277
1353
1386
1082
1187
1431
1470
1659
1735
1630
1559
986
1537
1475
1818
1263
1328
1035
1007
806
0
0
1342
1550
2023
2166
2039
1921
1708
1485
1480
1577
1603
1285
1267
1313
1744
1554
1433
1329
1583
1709
1516
1189
1688
1419
1530
1247
1323
1058
989
1202
0
0
1484
1488
1942
1993
2230
2071
1987
1767
1892
1677
1452
927
1194
1594
2131
1859
1434
1213
1175
1089
1176
1114
1788
1542
1396
1224
1042
1406
1402
1785
0
0
1771
1479
1771
1343
1969
1959
2304
1821
1931
1490
1690
1364
1372
1365
1534
1524
1443
1275
1280
1319
1412
1111
1567
1591
1561
1568
1343
1679
1254
1628
0
0
1206
1090
1446
1524
1969
1731
2081
1690
1523
851
1029
934
1244
1224
1567
1388
1639
1723
1585
1616
1418
1457
1556
1596
1461
1707
1667
1863
1280
1324
0
0
1160
1241
1342
1566
1693
1438
1925
1859
1756
1345
1337
1078
1109
1193
1732
1597
1493
1201
1217
1649
1494
1483
1295
1427
1669
1857
2043
1803
1436
1098
0
0
878
1169
1580
1648
1643
1154
1246
1384
1149
1101
998
1170
1465
1791
2168
1843
1624
1360
1175
1560
1180
1409
1301
1338
1297
1238
1545
1301
1042
893
0
0
1414
1458
1592
1518
1623
1151
1342
1105
1344
1114
1163
1172
1449
1693
1520
1418
1410
1604
1532
1409
1069
1197
1490
1618
1417
1060
883
770
627
800
0
0
1124
1388
1451
1586
1535
1153
1322
931
1114
942
1179
1395
1449
1495
1164
1118
1088
1195
1305
1540
1815
1846
1957
1742
1255
759
936
1081
945
908
0
0
1231
1685
1920
1929
1949
1814
1786
1260
1406
1329
1281
1410
1673
1961
1537
1255
1050
968
1045
1375
1791
1938
1798
1482
958
897
1142
1366
1215
913
0
0
1199
1546
1766
1495
1488
1562
1488
1348
1398
1365
1497
1614
1734
1527
1532
1653
1384
1323
1092
1636
1876
1875
1750
1215
1060
1211
1787
1593
1287
840
0
0
1346
1564
1725
1647
1503
1679
1656
1789
1472
1185
1376
1777
2102
1697
1339
1086
1012
1128
886
1464
1784
2153
1707
1564
1574
1782
2053
1910
1936
1370
0
0
1390
1147
1307
1476
1362
1267
1521
1818
1917
1368
1281
1562
2013
1695
1348
976
810
913
879
1233
1726
2015
1804
1326
1233
1331
1859
1868
2087
1953
0
0
1280
979
1031
1420
1325
1440
1379
1364
1662
1514
1356
1072
1543
1358
1139
1123
1230
1640
1265
1347
1418
1500
1431
1385
1692
1851
2103
1939
1600
1582
0
0
1517
1143
1158
1387
1281
1213
1141
1476
1943
1621
1223
1139
1374
1214
888
1319
1329
1753
1232
1529
1207
1046
641
860
1263
1581
1994
1568
1065
1037
0
0
1619
1366
1094
1340
1495
1439
1194
1343
1368
1457
1546
1458
1334
1135
1401
1744
1807
1936
1587
1857
1252
1349
1211
1728
1446
1550
1549
1467
1261
1173
0
0
1940
1723
1576
1726
1537
1668
1477
1646
1302
1293
1316
1247
928
1232
1642
2112
2131
1985
1728
1495
1072
1377
1460
1997
1816
1707
1583
1628
1598
1268
0
0
1426
1781
1580
1886
1698
2015
2036
1837
1197
1298
1149
1418
1078
1403
1401
1528
1660
1882
1647
1521
1226
1381
1189
1445
1762
1912
1915
1538
1314
1205
0
0
878
1438
1235
1343
1306
1703
1772
1559
966
1061
791
1203
852
1332
1165
1376
1508
1547
1425
1463
1250
1312
842
1044
1262
1581
1982
2057
1577
1117
0
0
625
1194
1171
1385
1495
1501
1341
1241
1099
1404
1383
1667
1106
1458
1466
1585
1442
1143
1414
1783
1569
1284
1066
1540
1693
1967
2123
1993
1555
1462
0
0
758
1080
739
769
946
1196
1069
1482
1503
1634
1476
1403
1078
1592
1746
2016
1503
1450
1732
2228
1867
1466
1369
1633
1647
1724
1565
1445
1319
1571
0
0
512
1097
1121
1196
932
1044
823
1359
1703
1831
1393
897
771
1440
1730
2038
1418
1542
1386
1975
1779
1715
1423
1341
1212
1522
1410
1428
1560
1978
0
0
1014
1029
1218
1188
1300
1317
1316
1593
1929
2152
1626
1246
1156
1831
2034
2217
1575
1458
1178
1711
1584
1631
1070
1336
966
1504
1178
1322
1444
1698
0
0
1460
1258
1503
1388
1425
1055
1139
1487
1691
1822
1143
1122
902
1429
1741
2113
2025
1721
1434
1269
1212
1335
1262
1206
916
1168
1276
1548
1726
1704
0
0
1701
1572
1879
1819
1876
1389
1184
1100
1170
1116
856
1052
816
1104
1498
1797
1653
1573
1630
1709
1672
1349
1022
978
1268
1567
1678
1882
1812
1938
0
0
1877
1755
1719
1558
1467
1069
1030
948
834
628
912
1057
1035
1367
1691
1991
1653
1903
1977
1766
1796
1233
926
679
1160
1567
1574
1778
1352
1691
0
0
1725
1583
1451
1240
1241
1061
1081
971
1314
1509
1877
1594
1356
1276
1265
1599
1559
2002
2027
1688
1692
997
835
1045
1234
1616
1484
1548
940
1257
0
0
1729
1522
1540
1461
1646
1364
1590
1085
1553
1609
1929
1559
1596
1557
1597
1423
1499
1484
1632
1139
1033
996
1092
1215
1230
1692
1853
1592
919
941
0
0
1714
1445
1682
1325
1585
1221
1572
1299
1960
1882
1671
1228
1409
1737
1726
1299
1325
1275
1645
1150
1093
976
1317
1483
1578
1874
1923
1483
1018
835
0
0
1948
1847
1691
1421
1214
1322
1291
1039
1319
1233
1058
977
1103
1710
1746
1639
1744
1547
1642
1306
1297
1197
1415
1658
1905
2193
2072
1854
1582
1247
0
0
1661
1888
1735
1251
1246
1334
1422
960
1156
1200
1320
1425
1197
1713
1604
1774
1592
1317
1518
1383
1598
1225
1283
1217
1446
1919
2181
2314
2264
1834
0
0
1416
1895
1481
1267
958
1175
1214
944
1083
1374
1481
1746
1372
1580
1219
1161
1185
1081
1196
1226
1267
1027
1237
1315
1366
1272
1561
1819
2104
1694
0
0
1565
1626
1730
1580
1138
1354
1529
1606
1684
1955
1940
1689
1173
1500
1520
1241
1083
925
1428
1225
1346
877
976
1240
1411
1504
1409
1306
1395
1146
0
0
1721
1499
1199
1147
1142
1595
1902
1981
1831
2031
1567
1406
835
1250
1466
1249
1054
1171
1583
1637
1476
1093
1197
1202
1320
1150
1141
1318
1151
1161
0
0
1929
1538
1267
1025
1117
1377
1984
1701
1518
1733
1520
1413
1038
1619
1752
1430
1204
1116
1244
1037
1415
1585
1938
1419
1167
1123
1479
1649
1166
829
0
0
1850
1608
1174
872
856
814
1446
1212
1504
1505
1732
1525
1276
1472
1632
1569
1527
1574
1775
1394
1573
1262
1593
1403
1186
1353
1470
1593
987
575
0
0
1990
1891
1598
1030
738
846
1248
948
1185
1020
1183
1261
1340
1476
1360
1294
1470
1245
1218
968
1068
911
1163
1366
1523
1818
1521
1408
1171
1258
0
0
2038
2285
1813
1625
1345
1299
1509
1234
1422
870
1209
1395
1334
1475
1251
1491
1305
1044
1147
874
1229
1067
1331
1311
1574
1775
1356
1128
952
1110
0
0
1694
1699
1475
1341
1097
1138
1347
1089
1145
1081
1519
1622
1627
1706
1771
1928
1549
1140
1096
966
1271
1042
1224
1354
1849
1667
1053
606
1099
1305
0
0
1679
1609
1378
1418
1198
1149
1099
1294
1252
1255
1098
1015
1110
1121
1126
1166
1424
1661
1763
1594
1315
1157
1281
1671
2035
1617
1310
919
1336
1118
0
0
1121
1078
1145
1125
1460
1448
1485
1243
1242
1087
1145
1335
1834
1356
1272
953
1617
1517
1579
1656
1701
1559
1280
1372
1777
1656
1814
1413
1733
1568
0
0
1437
1194
1365
1099
1310
857
1315
1266
1195
801
1095
1730
1915
1616
1289
921
1255
1469
1502
1445
1209
1414
1583
1595
1446
1320
1394
1494
1714
1877
0
0
1652
1644
2123
1694
1314
972
1093
1369
982
1211
1118
1661
1739
1776
1729
1307
1476
1265
1235
904
955
972
1414
1350
1175
1298
1187
1303
1370
1726
0
0
1749
1484
2181
1792
1552
1393
1343
1365
928
1237
1329
1751
1953
1893
1620
1278
1211
1418
1172
1111
1010
1309
1471
1519
1095
1036
879
1150
1485
1645
0
0
1947
1797
1737
1273
1185
1404
1315
1235
1021
1393
1547
1945
2125
1841
1254
820
611
1105
1268
1650
1386
1400
1334
1256
1198
1001
900
1209
1623
1831
0
0
1305
1458
1658
1569
1532
1297
1358
1155
1133
1071
1315
1494
1917
1506
1142
537
784
1511
1832
1563
1184
1126
993
923
1111
933
1313
1673
2117
1841
0
0
1244
1515
1594
1702
1628
1411
1479
1412
1526
1674
1869
1870
1710
1196
1184
1256
1752
1738
1898
1627
1536
1457
1053
1142
975
1243
1258
1889
1866
1989
0
0
836
1180
1327
1775
1751
1520
1585
1435
1419
1523
1878
1935
1535
1417
1387
1469
1413
1188
1275
1428
1671
1602
1085
852
778
1154
1337
1861
1752
1716
0
0
1076
1031
1429
1636
1623
1247
1212
1324
1164
1120
1094
1654
1709
1939
1456
1305
821
675
873
1172
1285
1202
1268
1156
1260
1362
1686
1974
1673
1717
0
0
1229
1510
1885
1933
1893
1221
1228
1131
1057
1101
1019
1301
1125
1507
1495
1741
1372
1026
766
733
868
766
908
683
893
1142
1324
1762
1544
1733
0
0
1358
1553
1706
1375
1674
1154
1526
1271
1105
1157
1292
1653
1344
1141
906
1165
1122
844
689
539
911
1170
1450
1347
1536
1773
1595
1800
1771
2135
0
0
1251
1331
1368
1486
1868
1776
1655
1174
1176
1681
1700
1793
1251
1196
1003
1086
1184
831
765
798
1352
1823
2018
1738
1664
1746
1446
1753
1537
1788
0
0
1171
1026
1011
1445
1695
1522
935
944
1255
1748
1441
1699
1615
1751
1293
1228
1463
1229
993
1069
1189
1426
1700
1615
1899
1797
1638
1852
1410
1395
0
0
867
1209
1676
1886
1831
1436
884
1017
1602
2025
1854
1870
2050
1796
1783
1588
1723
1609
1301
1281
943
989
1068
1091
1324
1349
1166
1476
1106
1273
0
0
1033
1297
1607
1836
1815
1266
1189
962
1361
1614
1521
1485
1401
1487
1406
1394
1349
1412
1461
1196
981
837
1272
1611
1771
1451
856
1204
1170
1403
0
0
1139
1292
1492
1199
1677
1080
1495
1423
1634
1705
1722
1517
1369
1152
1125
1093
1391
1783
1841
1489
1228
1489
1813
2184
1777
1206
576
938
1288
1588
0
0
1400
1379
1438
1003
1382
1184
1501
1827
1855
2075
1784
1667
1645
1714
1351
1500
1594
1915
1560
1539
1327
1871
2161
2077
1404
991
1133
1420
1637
1432
0
0
1205
1307
1650
1324
1396
1167
1286
1518
1520
1398
1354
1327
1794
1966
1862
1808
1745
1503
1249
1077
1076
1454
2019
2116
1571
1146
1329
1307
1303
1229
0
0
974
995
1379
1274
1477
1370
1389
1139
1421
1375
1276
1064
1621
1923
1987
1769
1563
1527
1418
1602
1406
1544
1512
1477
1258
1278
1726
1675
1499
1582
0
0
1159
1333
1539
1661
1656
1416
1491
1521
1576
1380
1205
1206
1551
1921
1778
1424
1258
1602
1582
1618
1087
1519
1286
1401
1149
1132
1619
1391
1624
1747
0
0
