19 50 56 12
26 21 17 52
51 59 19 51
59 25 3 17
0 38 7 19
41 53 56 25
22 49 18 8
59 48 1 43
50 56 12 26
21 17 52 51
59 19 51 59
25 3 17 0
38 7 19 41
53 56 25 22
49 18 8 59
48 1 43 39
56 12 26 21
17 52 51 59
19 51 59 25
3 17 0 38
7 19 41 53
56 25 22 49
18 8 59 48
1 43 39 0
60 42 36 16
32 53 17 0
34 24 46 54
53 30 48 18
53 11 36 3
22 13 31 27
31 25 5 29
26 55 15 42
42 36 16 32
53 17 0 34
24 46 54 53
30 48 18 53
11 36 3 22
13 31 27 31
25 5 29 26
55 15 42 4
36 16 32 53
17 0 34 24
46 54 53 30
48 18 53 11
36 3 22 13
31 27 31 25
5 29 26 55
15 42 4 10
57 36 52 9
47 55 20 10
38 43 15 18
17 9 42 29
24 37 6 46
32 58 15 30
28 56 25 3
57 52 52 29
36 52 9 47
55 20 10 38
43 15 18 17
9 42 29 24
37 6 46 32
58 15 30 28
56 25 3 57
52 52 29 37
52 9 47 55
20 10 38 43
15 18 17 9
42 29 24 37
6 46 32 58
15 30 28 56
25 3 57 52
52 29 37 2
48 51 17 24
38 46 62 43
3 10 12 40
13 49 57 61
31 38 8 25
28 3 28 46
19 32 49 9
47 52 48 36
51 17 24 38
46 62 43 3
10 12 40 13
49 57 61 31
38 8 25 28
3 28 46 19
32 49 9 47
52 48 36 22
17 24 38 46
62 43 3 10
12 40 13 49
57 61 31 38
8 25 28 3
28 46 19 32
49 9 47 52
48 36 22 41
7 60 25 38
32 63 50 17
62 39 18 21
3 11 18 61
18 26 12 33
33 47 3 48
29 15 60 32
44 5 19 54
60 25 38 32
63 50 17 62
39 18 21 3
11 18 61 18
26 12 33 33
47 3 48 29
15 60 32 44
5 19 54 11
25 38 32 63
50 17 62 39
18 21 3 11
18 61 18 26
12 33 33 47
3 48 29 15
60 32 44 5
19 54 11 8
61 38 43 32
33 8 5 34
60 53 22 43
37 51 57 58
35 38 42 7
38 25 9 59
17 50 46 55
39 13 22 59
38 43 32 33
8 5 34 60
53 22 43 37
51 57 58 35
38 42 7 38
25 9 59 17
50 46 55 39
13 22 59 53
43 32 33 8
5 34 60 53
22 43 37 51
57 58 35 38
42 7 38 25
9 59 17 50
46 55 39 13
22 59 53 9
61 54 58 40
44 42 13 22
6 58 15 62
59 8 13 49
13 28 12 56
25 10 11 21
48 39 44 28
7 2 50 63
54 58 40 44
42 13 22 6
58 15 62 59
8 13 49 13
28 12 56 25
10 11 21 48
39 44 28 7
2 50 63 46
58 40 44 42
13 22 6 58
15 62 59 8
13 49 13 28
12 56 25 10
11 21 48 39
44 28 7 2
50 63 46 16
13 1 33 5
12 51 6 44
25 15 8 63
10 24 11 41
47 47 4 54
23 5 34 36
17 41 38 22
20 52 31 25
1 33 5 12
51 6 44 25
15 8 63 10
24 11 41 47
47 4 54 23
5 34 36 17
41 38 22 20
52 31 25 28
33 5 12 51
6 44 25 15
8 63 10 24
11 41 47 47
4 54 23 5
34 36 17 41
38 22 20 52
31 25 28 41
51 25 6 37
63 53 62 47
63 61 12 63
36 53 35 23
6 34 4 18
56 25 5 0
11 21 3 42
13 44 23 33
25 6 37 63
53 62 47 63
61 12 63 36
53 35 23 6
34 4 18 56
25 5 0 11
21 3 42 13
44 23 33 29
6 37 63 53
62 47 63 61
12 63 36 53
35 23 6 34
4 18 56 25
5 0 11 21
3 42 13 44
23 33 29 7
34 34 41 29
56 43 44 48
49 52 16 46
43 5 37 27
60 59 15 17
48 41 61 19
48 52 50 58
28 28 34 29
34 41 29 56
43 44 48 49
52 16 46 43
5 37 27 60
59 15 17 48
41 61 19 48
52 50 58 28
28 34 29 57
41 29 56 43
44 48 49 52
16 46 43 5
37 27 60 59
15 17 48 41
61 19 48 52
50 58 28 28
34 29 57 34
16 49 44 36
57 23 50 60
58 4 62 29
57 55 37 17
14 45 2 61
59 5 6 21
17 22 57 41
31 38 52 10
49 44 36 57
23 50 60 58
4 62 29 57
55 37 17 14
45 2 61 59
5 6 21 17
22 57 41 31
38 52 10 18
44 36 57 23
50 60 58 4
62 29 57 55
37 17 14 45
2 61 59 5
6 21 17 22
57 41 31 38
52 10 18 1
45 51 39 9
25 38 62 32
41 44 43 14
0 0 6 17
2 26 45 22
53 28 43 12
40 30 30 55
34 44 16 53
51 39 9 25
38 62 32 41
44 43 14 0
0 6 17 2
26 45 22 53
28 43 12 40
30 30 55 34
44 16 53 52
39 9 25 38
62 32 41 44
43 14 0 0
6 17 2 26
45 22 53 28
43 12 40 30
30 55 34 44
16 53 52 55
43 62 13 28
55 60 2 30
16 59 54 8
15 12 56 42
4 10 32 8
1 55 44 15
18 25 25 18
42 38 24 6
62 13 28 55
60 2 30 16
59 54 8 15
12 56 42 4
10 32 8 1
55 44 15 18
25 25 18 42
38 24 6 4
13 28 55 60
2 30 16 59
54 8 15 12
56 42 4 10
32 8 1 55
44 15 18 25
25 18 42 38
24 6 4 31
15 11 53 36
35 55 32 39
39 59 25 42
26 41 53 41
11 52 52 23
62 63 5 9
4 24 29 38
44 59 37 48
11 53 36 35
55 32 39 39
59 25 42 26
41 53 41 11
52 52 23 62
63 5 9 4
24 29 38 44
59 37 48 26
53 36 35 55
32 39 39 59
25 42 26 41
53 41 11 52
52 23 62 63
5 9 4 24
29 38 44 59
37 48 26 13
17 38 11 58
24 45 10 37
53 41 37 50
61 2 29 10
49 20 47 24
0 1 6 26
28 48 50 1
0 4 9 38
38 11 58 24
45 10 37 53
41 37 50 61
2 29 10 49
20 47 24 0
1 6 26 28
48 50 1 0
4 9 38 47
11 58 24 45
10 37 53 41
37 50 61 2
29 10 49 20
47 24 0 1
6 26 28 48
50 1 0 4
9 38 47 1
48 50 21 47
43 21 53 34
26 48 2 41
60 37 58 28
42 37 40 48
25 60 19 41
2 54 16 42
27 19 49 16
50 21 47 43
21 53 34 26
48 2 41 60
37 58 28 42
37 40 48 25
60 19 41 2
54 16 42 27
19 49 16 22
21 47 43 21
53 34 26 48
2 41 60 37
58 28 42 37
40 48 25 60
19 41 2 54
16 42 27 19
49 16 22 25
35 40 49 23
7 50 58 47
57 61 1 53
57 55 2 4
38 24 60 18
31 24 8 1
2 60 18 30
20 53 18 41
40 49 23 7
50 58 47 57
61 1 53 57
55 2 4 38
24 60 18 31
24 8 1 2
60 18 30 20
53 18 41 46
49 23 7 50
58 47 57 61
1 53 57 55
2 4 38 24
60 18 31 24
8 1 2 60
18 30 20 53
18 41 46 34
6 34 44 27
34 30 43 33
34 17 35 5
14 6 18 13
22 21 47 3
28 23 41 32
15 44 23 26
14 27 8 61
34 44 27 34
30 43 33 34
17 35 5 14
6 18 13 22
21 47 3 28
23 41 32 15
44 23 26 14
27 8 61 48
44 27 34 30
43 33 34 17
35 5 14 6
18 13 22 21
47 3 28 23
41 32 15 44
23 26 14 27
8 61 48 19
21 46 50 41
31 38 12 14
46 0 43 20
63 14 2 7
11 9 4 44
42 36 59 43
38 48 47 32
33 50 54 21
46 50 41 31
38 12 14 46
0 43 20 63
14 2 7 11
9 4 44 42
36 59 43 38
48 47 32 33
50 54 21 49
50 41 31 38
12 14 46 0
43 20 63 14
2 7 11 9
4 44 42 36
59 43 38 48
47 32 33 50
54 21 49 55
58 19 37 30
24 46 54 52
34 1 47 49
13 29 56 2
4 4 41 45
40 46 35 29
45 7 46 19
24 9 52 28
19 37 30 24
46 54 52 34
1 47 49 13
29 56 2 4
4 41 45 40
46 35 29 45
7 46 19 24
9 52 28 19
37 30 24 46
54 52 34 1
47 49 13 29
56 2 4 4
41 45 40 46
35 29 45 7
46 19 24 9
52 28 19 61
16 50 36 59
21 56 60 34
48 26 49 16
19 52 60 40
37 30 47 57
44 13 3 53
20 9 47 23
11 12 28 46
50 36 59 21
56 60 34 48
26 49 16 19
52 60 40 37
30 47 57 44
13 3 53 20
9 47 23 11
12 28 46 49
36 59 21 56
60 34 48 26
49 16 19 52
60 40 37 30
47 57 44 13
3 53 20 9
47 23 11 12
28 46 49 35
3 59 35 35
30 37 16 49
37 22 4 0
63 3 50 14
5 34 23 48
46 54 1 17
2 49 38 48
12 62 47 44
59 35 35 30
37 16 49 37
22 4 0 63
3 50 14 5
34 23 48 46
54 1 17 2
49 38 48 12
62 47 44 6
35 35 30 37
16 49 37 22
4 0 63 3
50 14 5 34
23 48 46 54
1 17 2 49
38 48 12 62
47 44 6 40
31 63 35 0
29 39 59 7
53 38 9 3
37 46 63 40
22 0 59 6
53 20 28 30
15 52 21 34
34 58 2 19
63 35 0 29
39 59 7 53
38 9 3 37
46 63 40 22
0 59 6 53
20 28 30 15
52 21 34 34
58 2 19 16
35 0 29 39
59 7 53 38
9 3 37 46
63 40 22 0
59 6 53 20
28 30 15 52
21 34 34 58
2 19 16 15
41 20 46 13
15 22 52 33
45 37 6 31
12 50 41 1
20 43 20 50
57 49 13 42
14 8 58 43
42 16 21 12
20 46 13 15
22 52 33 45
37 6 31 12
50 41 1 20
43 20 50 57
49 13 42 14
8 58 43 42
16 21 12 29
46 13 15 22
52 33 45 37
6 31 12 50
41 1 20 43
20 50 57 49
13 42 14 8
58 43 42 16
21 12 29 10
3 46 62 48
56 25 15 54
13 38 42 54
7 4 46 40
27 27 31 39
21 56 38 3
42 30 54 16
30 33 32 29
46 62 48 56
25 15 54 13
38 42 54 7
4 46 40 27
27 31 39 21
56 38 3 42
30 54 16 30
33 32 29 4
62 48 56 25
15 54 13 38
42 54 7 4
46 40 27 27
31 39 21 56
38 3 42 30
54 16 30 33
32 29 4 52
24 32 56 31
31 2 57 3
63 25 60 63
50 17 12 56
61 9 20 9
35 50 26 40
43 61 20 15
35 13 34 32
32 56 31 31
2 57 3 63
25 60 63 50
17 12 56 61
9 20 9 35
50 26 40 43
61 20 15 35
13 34 32 7
56 31 31 2
57 3 63 25
60 63 50 17
12 56 61 9
20 9 35 50
26 40 43 61
20 15 35 13
34 32 7 3
0 38 15 49
34 41 49 26
16 13 34 44
40 50 7 62
27 52 37 25
50 62 5 62
60 33 63 60
26 35 31 33
38 15 49 34
41 49 26 16
13 34 44 40
50 7 62 27
52 37 25 50
62 5 62 60
33 63 60 26
35 31 33 36
15 49 34 41
49 26 16 13
34 44 40 50
7 62 27 52
37 25 50 62
5 62 60 33
63 60 26 35
31 33 36 61
21 12 36 35
51 61 5 48
58 30 50 17
6 54 12 59
33 44 44 15
33 4 22 17
25 22 37 58
24 21 1 63
12 36 35 51
61 5 48 58
30 50 17 6
54 12 59 33
44 44 15 33
4 22 17 25
22 37 58 24
21 1 63 60
36 35 51 61
5 48 58 30
50 17 6 54
12 59 33 44
44 15 33 4
22 17 25 22
37 58 24 21
1 63 60 52
10 21 13 41
16 63 43 40
23 46 24 32
37 45 49 3
47 22 49 28
18 6 42 32
58 25 20 50
42 18 0 23
21 13 41 16
63 43 40 23
46 24 32 37
45 49 3 47
22 49 28 18
6 42 32 58
25 20 50 42
18 0 23 44
13 41 16 63
43 40 23 46
24 32 37 45
49 3 47 22
49 28 18 6
42 32 58 25
20 50 42 18
0 23 44 18
40 21 53 13
49 28 14 1
55 52 41 10
32 57 7 19
25 57 26 40
45 30 19 32
24 12 4 20
45 21 34 9
21 53 13 49
28 14 1 55
52 41 10 32
57 7 19 25
57 26 40 45
30 19 32 24
12 4 20 45
21 34 9 19
53 13 49 28
14 1 55 52
41 10 32 57
7 19 25 57
26 40 45 30
19 32 24 12
4 20 45 21
34 9 19 54
18 60 42 37
58 3 38 35
49 49 0 55
43 28 15 15
59 26 24 56
56 2 60 43
6 13 13 54
27 40 10 22
60 42 37 58
3 38 35 49
49 0 55 43
28 15 15 59
26 24 56 56
2 60 43 6
13 13 54 27
40 10 22 46
42 37 58 3
38 35 49 49
0 55 43 28
15 15 59 26
24 56 56 2
60 43 6 13
13 54 27 40
10 22 46 1
42 7 36 17
55 59 2 14
45 26 32 22
52 61 23 36
17 5 30 49
8 48 42 17
19 37 30 42
53 33 14 54
7 36 17 55
59 2 14 45
26 32 22 52
61 23 36 17
5 30 49 8
48 42 17 19
37 30 42 53
33 14 54 46
36 17 55 59
2 14 45 26
32 22 52 61
23 36 17 5
30 49 8 48
42 17 19 37
30 42 53 33
14 54 46 52
30 7 29 17
30 1 63 60
50 48 36 45
22 44 14 46
35 46 22 35
57 25 55 26
33 11 48 13
60 41 0 62
7 29 17 30
1 63 60 50
48 36 45 22
44 14 46 35
46 22 35 57
25 55 26 33
11 48 13 60
41 0 62 57
29 17 30 1
63 60 50 48
36 45 22 44
14 46 35 46
22 35 57 25
55 26 33 11
48 13 60 41
0 62 57 2
17 50 61 33
51 43 48 59
56 30 13 0
22 35 30 39
31 31 21 9
7 45 53 24
36 63 46 32
62 47 29 35
50 61 33 51
43 48 59 56
30 13 0 22
35 30 39 31
31 21 9 7
45 53 24 36
63 46 32 62
47 29 35 49
61 33 51 43
48 59 56 30
13 0 22 35
30 39 31 31
21 9 7 45
53 24 36 63
46 32 62 47
29 35 49 43
19 4 0 25
60 4 36 16
15 14 53 58
8 59 63 13
35 38 1 46
0 26 54 42
52 51 5 42
55 30 60 17
4 0 25 60
4 36 16 15
14 53 58 8
59 63 13 35
38 1 46 0
26 54 42 52
51 5 42 55
30 60 17 3
0 25 60 4
36 16 15 14
53 58 8 59
63 13 35 38
1 46 0 26
54 42 52 51
5 42 55 30
60 17 3 32
57 49 31 46
2 22 19 13
32 15 44 40
29 46 48 32
61 17 52 1
1 29 29 12
50 19 51 17
55 16 26 36
49 31 46 2
22 19 13 32
15 44 40 29
46 48 32 61
17 52 1 1
29 29 12 50
19 51 17 55
16 26 36 15
31 46 2 22
19 13 32 15
44 40 29 46
48 32 61 17
52 1 1 29
29 12 50 19
51 17 55 16
26 36 15 58
42 50 9 56
14 58 41 47
7 63 47 28
11 35 20 55
7 1 28 43
38 14 62 23
24 57 38 0
33 30 53 60
50 9 56 14
58 41 47 7
63 47 28 11
35 20 55 7
1 28 43 38
14 62 23 24
57 38 0 33
30 53 60 57
9 56 14 58
41 47 7 63
47 28 11 35
20 55 7 1
28 43 38 14
62 23 24 57
38 0 33 30
53 60 57 28
11 24 23 35
25 32 15 15
48 62 9 27
15 37 13 12
7 62 53 46
19 51 21 29
39 7 19 58
5 7 52 51
24 23 35 25
32 15 15 48
62 9 27 15
37 13 12 7
62 53 46 19
51 21 29 39
7 19 58 5
7 52 51 48
23 35 25 32
15 15 48 62
9 27 15 37
13 12 7 62
53 46 19 51
21 29 39 7
19 58 5 7
52 51 48 59
24 60 57 3
44 42 17 35
29 16 26 26
49 23 37 13
31 61 47 14
22 33 42 1
46 21 54 20
11 7 43 58
60 57 3 44
42 17 35 29
16 26 26 49
23 37 13 31
61 47 14 22
33 42 1 46
21 54 20 11
7 43 58 53
57 3 44 42
17 35 29 16
26 26 49 23
37 13 31 61
47 14 22 33
42 1 46 21
54 20 11 7
43 58 53 62
45 40 19 12
28 4 16 20
37 54 19 43
8 8 33 56
3 42 22 43
9 37 13 40
62 30 39 38
62 55 8 32
40 19 12 28
4 16 20 37
54 19 43 8
8 33 56 3
42 22 43 9
37 13 40 62
30 39 38 62
55 8 32 31
19 12 28 4
16 20 37 54
19 43 8 8
33 56 3 42
22 43 9 37
13 40 62 30
39 38 62 55
8 32 31 57
53 10 56 24
57 20 51 63
6 51 28 44
31 48 58 13
45 25 32 53
22 42 16 56
48 39 5 34
43 0 8 47
10 56 24 57
20 51 63 6
51 28 44 31
48 58 13 45
25 32 53 22
42 16 56 48
39 5 34 43
0 8 47 53
56 24 57 20
51 63 6 51
28 44 31 48
58 13 45 25
32 53 22 42
16 56 48 39
5 34 43 0
8 47 53 29
59 45 12 16
54 15 50 10
40 47 48 27
8 10 18 51
6 55 15 34
54 62 14 35
5 24 10 47
21 1 10 49
45 12 16 54
15 50 10 40
47 48 27 8
10 18 51 6
55 15 34 54
62 14 35 5
24 10 47 21
1 10 49 20
12 16 54 15
50 10 40 47
48 27 8 10
18 51 6 55
15 34 54 62
14 35 5 24
10 47 21 1
10 49 20 62
55 30 55 62
19 47 61 8
49 2 38 20
33 56 6 57
14 42 10 52
25 58 13 11
13 44 1 24
8 27 16 33
30 55 62 19
47 61 8 49
2 38 20 33
56 6 57 14
42 10 52 25
58 13 11 13
44 1 24 8
27 16 33 45
55 62 19 47
61 8 49 2
38 20 33 56
6 57 14 42
10 52 25 58
13 11 13 44
1 24 8 27
16 33 45 7
39 32 21 26
14 8 3 28
56 11 35 33
33 47 40 41
13 61 38 3
58 30 7 54
22 58 58 11
31 18 59 15
32 21 26 14
8 3 28 56
11 35 33 33
47 40 41 13
61 38 3 58
30 7 54 22
58 58 11 31
18 59 15 45
21 26 14 8
3 28 56 11
35 33 33 47
40 41 13 61
38 3 58 30
7 54 22 58
58 11 31 18
59 15 45 30
36 19 11 61
39 21 3 53
7 10 18 51
46 60 37 32
28 33 19 24
22 42 12 45
32 29 10 42
51 53 33 45
19 11 61 39
21 3 53 7
10 18 51 46
60 37 32 28
33 19 24 22
42 12 45 32
29 10 42 51
53 33 45 7
11 61 39 21
3 53 7 10
18 51 46 60
37 32 28 33
19 24 22 42
12 45 32 29
10 42 51 53
33 45 7 4
39 17 16 21
36 39 3 37
7 62 9 48
24 60 5 51
38 11 36 61
49 18 25 58
6 52 11 51
12 3 7 43
17 16 21 36
39 3 37 7
62 9 48 24
60 5 51 38
11 36 61 49
18 25 58 6
52 11 51 12
3 7 43 25
16 21 36 39
3 37 7 62
9 48 24 60
5 51 38 11
36 61 49 18
25 58 6 52
11 51 12 3
7 43 25 52
50 18 18 28
6 37 11 36
54 16 6 47
15 32 54 28
13 2 40 7
17 3 47 51
13 33 60 18
28 55 60 38
18 18 28 6
37 11 36 54
16 6 47 15
32 54 28 13
2 40 7 17
3 47 51 13
33 60 18 28
55 60 38 41
18 28 6 37
11 36 54 16
6 47 15 32
54 28 13 2
40 7 17 3
47 51 13 33
60 18 28 55
60 38 41 12
13 36 57 4
20 62 60 8
40 23 57 5
51 11 58 53
44 53 40 57
36 5 39 32
14 22 52 28
59 53 37 42
36 57 4 20
62 60 8 40
23 57 5 51
11 58 53 44
53 40 57 36
5 39 32 14
22 52 28 59
53 37 42 52
57 4 20 62
60 8 40 23
57 5 51 11
58 53 44 53
40 57 36 5
39 32 14 22
52 28 59 53
37 42 52 9
61 46 60 14
13 8 45 17
61 6 11 61
61 20 60 23
47 24 43 36
38 56 46 22
29 11 21 21
48 20 47 11
46 60 14 13
8 45 17 61
6 11 61 61
20 60 23 47
24 43 36 38
56 46 22 29
11 21 21 48
20 47 11 35
60 14 13 8
45 17 61 6
11 61 61 20
60 23 47 24
43 36 38 56
46 22 29 11
21 21 48 20
47 11 35 47
20 19 25 7
14 59 22 9
60 40 36 51
30 60 9 53
25 47 23 27
7 10 9 8
31 38 2 12
56 19 59 3
19 25 7 14
59 22 9 60
40 36 51 30
60 9 53 25
47 23 27 7
10 9 8 31
38 2 12 56
19 59 3 14
25 7 14 59
22 9 60 40
36 51 30 60
9 53 25 47
23 27 7 10
9 8 31 38
2 12 56 19
59 3 14 15
32 55 30 18
19 6 32 61
29 17 13 25
58 63 0 7
47 14 1 38
43 23 46 40
16 57 54 42
22 10 49 23
55 30 18 19
6 32 61 29
17 13 25 58
63 0 7 47
14 1 38 43
23 46 40 16
57 54 42 22
10 49 23 53
30 18 19 6
32 61 29 17
13 25 58 63
0 7 47 14
1 38 43 23
46 40 16 57
54 42 22 10
49 23 53 23
1 41 42 4
62 2 40 9
34 30 52 59
56 31 43 42
53 8 11 58
7 48 60 41
54 25 8 61
53 26 0 5
41 42 4 62
2 40 9 34
30 52 59 56
31 43 42 53
8 11 58 7
48 60 41 54
25 8 61 53
26 0 5 5
42 4 62 2
40 9 34 30
52 59 56 31
43 42 53 8
11 58 7 48
60 41 54 25
8 61 53 26
0 5 5 32
63 32 41 36
31 7 2 8
4 28 21 1
41 58 20 25
52 37 33 29
1 55 21 30
58 7 52 6
26 33 24 32
32 41 36 31
7 2 8 4
28 21 1 41
58 20 25 52
37 33 29 1
55 21 30 58
7 52 6 26
33 24 32 62
41 36 31 7
2 8 4 28
21 1 41 58
20 25 52 37
33 29 1 55
21 30 58 7
52 6 26 33
24 32 62 0
6 10 11 46
12 43 52 38
14 21 31 17
59 31 55 49
29 63 39 27
41 24 59 37
37 20 20 47
31 18 44 46
10 11 46 12
43 52 38 14
21 31 17 59
31 55 49 29
63 39 27 41
24 59 37 37
20 20 47 31
18 44 46 7
11 46 12 43
52 38 14 21
31 17 59 31
55 49 29 63
39 27 41 24
59 37 37 20
20 47 31 18
44 46 7 52
57 24 59 61
20 8 34 37
34 12 18 36
10 34 22 32
60 60 5 60
28 60 18 40
59 36 7 44
20 35 15 17
24 59 61 20
8 34 37 34
12 18 36 10
34 22 32 60
60 5 60 28
60 18 40 59
36 7 44 20
35 15 17 29
59 61 20 8
34 37 34 12
18 36 10 34
22 32 60 60
5 60 28 60
18 40 59 36
7 44 20 35
15 17 29 23
3 27 35 13
48 44 48 22
58 61 1 28
7 12 60 35
54 33 36 43
24 5 2 56
48 52 42 54
5 24 31 55
27 35 13 48
44 48 22 58
61 1 28 7
12 60 35 54
33 36 43 24
5 2 56 48
52 42 54 5
24 31 55 42
35 13 48 44
48 22 58 61
1 28 7 12
60 35 54 33
36 43 24 5
2 56 48 52
42 54 5 24
31 55 42 30
26 46 48 9
63 10 16 11
34 2 35 25
63 35 21 37
21 3 60 17
25 8 14 44
55 40 33 12
39 20 29 7
46 48 9 63
10 16 11 34
2 35 25 63
35 21 37 21
3 60 17 25
8 14 44 55
40 33 12 39
20 29 7 23
48 9 63 10
16 11 34 2
35 25 63 35
21 37 21 3
60 17 25 8
14 44 55 40
33 12 39 20
29 7 23 25
13 6 8 36
15 39 18 24
18 8 45 53
51 16 57 26
63 63 50 22
27 3 37 25
27 47 39 62
55 55 39 37
6 8 36 15
39 18 24 18
8 45 53 51
16 57 26 63
63 50 22 27
3 37 25 27
47 39 62 55
55 39 37 15
8 36 15 39
18 24 18 8
45 53 51 16
57 26 63 63
50 22 27 3
37 25 27 47
39 62 55 55
39 37 15 1
33 5 0 10
49 59 31 21
1 28 58 57
24 58 11 2
27 42 4 20
30 2 27 6
62 46 3 35
20 41 30 17
5 0 10 49
59 31 21 1
28 58 57 24
58 11 2 27
42 4 20 30
2 27 6 62
46 3 35 20
41 30 17 53
0 10 49 59
31 21 1 28
58 57 24 58
11 2 27 42
4 20 30 2
27 6 62 46
3 35 20 41
30 17 53 31
10 30 35 16
40 55 31 53
34 30 57 52
58 53 0 47
46 35 54 21
1 23 57 44
25 5 20 61
37 6 23 10
30 35 16 40
55 31 53 34
30 57 52 58
53 0 47 46
35 54 21 1
23 57 44 25
5 20 61 37
6 23 10 3
35 16 40 55
31 53 34 30
57 52 58 53
0 47 46 35
54 21 1 23
57 44 25 5
20 61 37 6
23 10 3 31
5 18 24 43
58 34 16 25
32 35 43 22
8 25 39 17
60 62 60 62
36 48 28 25
37 46 49 34
8 25 37 15
18 24 43 58
34 16 25 32
35 43 22 8
25 39 17 60
62 60 62 36
48 28 25 37
46 49 34 8
25 37 15 11
24 43 58 34
16 25 32 35
43 22 8 25
39 17 60 62
60 62 36 48
28 25 37 46
49 34 8 25
37 15 11 54
52 42 34 23
30 52 49 62
62 50 4 54
44 49 15 11
18 33 53 18
29 60 57 16
35 20 36 14
56 11 34 23
42 34 23 30
52 49 62 62
50 4 54 44
49 15 11 18
33 53 18 29
60 57 16 35
20 36 14 56
11 34 23 22
34 23 30 52
49 62 62 50
4 54 44 49
15 11 18 33
53 18 29 60
57 16 35 20
36 14 56 11
34 23 22 0
12 40 31 42
1 62 40 41
62 33 34 24
49 50 59 27
44 8 6 32
25 15 6 25
3 10 12 52
20 33 10 32
40 31 42 1
62 40 41 62
33 34 24 49
50 59 27 44
8 6 32 25
15 6 25 3
10 12 52 20
33 10 32 13
31 42 1 62
40 41 62 33
34 24 49 50
59 27 44 8
6 32 25 15
6 25 3 10
12 52 20 33
10 32 13 35
52 0 57 36
21 1 34 47
23 10 38 61
30 2 7 35
36 46 7 32
33 4 35 15
60 44 24 12
25 47 27 59
0 57 36 21
1 34 47 23
10 38 61 30
2 7 35 36
46 7 32 33
4 35 15 60
44 24 12 25
47 27 59 38
57 36 21 1
34 47 23 10
38 61 30 2
7 35 36 46
7 32 33 4
35 15 60 44
24 12 25 47
27 59 38 13
39 0 55 11
43 37 21 13
0 0 61 25
61 36 0 13
58 41 55 30
40 58 1 44
29 61 53 62
17 34 59 28
0 55 11 43
37 21 13 0
0 61 25 61
36 0 13 58
41 55 30 40
58 1 44 29
61 53 62 17
34 59 28 0
55 11 43 37
21 13 0 0
61 25 61 36
0 13 58 41
55 30 40 58
1 44 29 61
53 62 17 34
59 28 0 0
4 10 20 39
50 19 61 56
56 21 56 47
2 33 16 14
35 30 11 33
2 49 7 44
31 30 63 34
13 19 25 15
10 20 39 50
19 61 56 56
21 56 47 2
33 16 14 35
30 11 33 2
49 7 44 31
30 63 34 13
19 25 15 0
20 39 50 19
61 56 56 21
56 47 2 33
16 14 35 30
11 33 2 49
7 44 31 30
63 34 13 19
25 15 0 0
37 2 45 15
26 56 25 52
15 5 27 51
27 18 61 50
54 47 4 47
22 33 5 6
9 62 8 17
35 39 9 22
2 45 15 26
56 25 52 15
5 27 51 27
18 61 50 54
47 4 47 22
33 5 6 9
62 8 17 35
39 9 22 0
45 15 26 56
25 52 15 5
27 51 27 18
61 50 54 47
4 47 22 33
5 6 9 62
8 17 35 39
9 22 0 0
22 41 47 14
58 45 6 34
17 45 12 48
60 42 2 18
7 7 15 21
41 32 48 13
63 61 25 29
47 38 6 32
41 47 14 58
45 6 34 17
45 12 48 60
42 2 18 7
7 15 21 41
32 48 13 63
61 25 29 47
38 6 32 0
47 14 58 45
6 34 17 45
12 48 60 42
2 18 7 7
15 21 41 32
48 13 63 61
25 29 47 38
6 32 0 0
11 8 62 57
23 36 31 34
62 44 15 1
34 19 32 13
44 60 41 54
49 21 37 4
63 0 57 15
15 3 36 0
8 62 57 23
36 31 34 62
44 15 1 34
19 32 13 44
60 41 54 49
21 37 4 63
0 57 15 15
3 36 0 0
62 57 23 36
31 34 62 44
15 1 34 19
32 13 44 60
41 54 49 21
37 4 63 0
57 15 15 3
36 0 0 0
53 9 22 50
61 56 60 43
17 15 60 58
18 17 48 44
60 9 17 29
36 48 12 33
59 7 23 49
17 21 30 53
9 22 50 61
56 60 43 17
15 60 58 18
17 48 44 60
9 17 29 36
48 12 33 59
7 23 49 17
21 30 53 0
22 50 61 56
60 43 17 15
60 58 18 17
48 44 60 9
17 29 36 48
12 33 59 7
23 49 17 21
30 53 0 0
46 16 48 27
49 40 55 41
48 51 50 15
25 8 38 60
47 28 23 26
9 4 47 17
58 40 3 36
18 61 34 51
16 48 27 49
40 55 41 48
51 50 15 25
8 38 60 47
28 23 26 9
4 47 17 58
40 3 36 18
61 34 51 0
48 27 49 40
55 41 48 51
50 15 25 8
38 60 47 28
23 26 9 4
47 17 58 40
3 36 18 61
34 51 0 0
28 41 62 3
43 5 61 50
63 15 44 20
63 38 7 24
27 34 43 20
40 49 26 4
53 41 30 50
29 39 1 43
41 62 3 43
5 61 50 63
15 44 20 63
38 7 24 27
34 43 20 40
49 26 4 53
41 30 50 29
39 1 43 0
62 3 43 5
61 50 63 15
44 20 63 38
7 24 27 34
43 20 40 49
26 4 53 41
30 50 29 39
1 43 0 0
29 7 4 36
40 50 48 11
56 30 0 5
20 3 49 24
47 19 50 63
13 49 24 47
35 23 32 58
34 39 19 22
7 4 36 40
50 48 11 56
30 0 5 20
3 49 24 47
19 50 63 13
49 24 47 35
23 32 58 34
39 19 22 0
4 36 40 50
48 11 56 30
0 5 20 3
49 24 47 19
50 63 13 49
24 47 35 23
32 58 34 39
19 22 0 0
57 34 2 61
23 23 46 14
62 60 27 44
42 4 26 48
48 28 14 1
35 56 16 28
25 33 62 31
58 29 27 14
34 2 61 23
23 46 14 62
60 27 44 42
4 26 48 48
28 14 1 35
56 16 28 25
33 62 31 58
29 27 14 0
2 61 23 23
46 14 62 60
27 44 42 4
26 48 48 28
14 1 35 56
16 28 25 33
62 31 58 29
27 14 0 0
18 1 31 31
52 28 32 13
6 34 1 19
21 45 49 53
59 25 40 41
9 50 2 37
46 10 9 23
33 5 7 36
1 31 31 52
28 32 13 6
34 1 19 21
45 49 53 59
25 40 41 9
50 2 37 46
10 9 23 33
5 7 36 0
31 31 52 28
32 13 6 34
1 19 21 45
49 53 59 25
40 41 9 50
2 37 46 10
9 23 33 5
7 36 0 0
52 55 24 35
40 25 44 13
49 2 58 15
19 36 33 26
0 39 39 46
39 3 31 36
41 47 21 10
1 19 8 23
55 24 35 40
25 44 13 49
2 58 15 19
36 33 26 0
39 39 46 39
3 31 36 41
47 21 10 1
19 8 23 0
24 35 40 25
44 13 49 2
58 15 19 36
33 26 0 39
39 46 39 3
31 36 41 47
21 10 1 19
8 23 0 0
4 31 12 41
31 38 29 14
44 5 15 34
31 38 24 30
18 20 16 8
40 62 63 40
48 32 5 5
63 31 5 30
31 12 41 31
38 29 14 44
5 15 34 31
38 24 30 18
20 16 8 40
62 63 40 48
32 5 5 63
31 5 30 0
12 41 31 38
29 14 44 5
15 34 31 38
24 30 18 20
16 8 40 62
63 40 48 32
5 5 63 31
5 30 0 0
26 13 52 60
47 44 62 53
29 26 53 29
13 47 62 56
24 22 27 15
16 45 37 39
29 14 7 49
26 25 37 1
13 52 60 47
44 62 53 29
26 53 29 13
47 62 56 24
22 27 15 16
45 37 39 29
14 7 49 26
25 37 1 0
52 60 47 44
62 53 29 26
53 29 13 47
62 56 24 22
27 15 16 45
37 39 29 14
7 49 26 25
37 1 0 0
47 1 31 49
20 4 38 32
10 46 33 11
63 40 15 13
57 56 7 54
20 46 56 22
42 12 35 45
61 10 21 20
1 31 49 20
4 38 32 10
46 33 11 63
40 15 13 57
56 7 54 20
46 56 22 42
12 35 45 61
10 21 20 0
31 49 20 4
38 32 10 46
33 11 63 40
15 13 57 56
7 54 20 46
56 22 42 12
35 45 61 10
21 20 0 0
22 25 45 31
40 56 14 50
59 36 7 27
44 49 63 22
1 9 26 17
5 59 46 60
13 59 55 29
58 58 51 21
25 45 31 40
56 14 50 59
36 7 27 44
49 63 22 1
9 26 17 5
59 46 60 13
59 55 29 58
58 51 21 0
45 31 40 56
14 50 59 36
7 27 44 49
63 22 1 9
26 17 5 59
46 60 13 59
55 29 58 58
51 21 0 0
46 34 19 4
42 39 10 16
59 37 61 15
7 58 57 9
33 23 0 28
29 14 60 43
28 0 21 29
51 34 54 62
34 19 4 42
39 10 16 59
37 61 15 7
58 57 9 33
23 0 28 29
14 60 43 28
0 21 29 51
34 54 62 0
19 4 42 39
10 16 59 37
61 15 7 58
57 9 33 23
0 28 29 14
60 43 28 0
21 29 51 34
54 62 0 0
48 19 13 31
13 40 33 40
7 19 58 27
20 2 44 20
10 57 40 61
12 31 31 10
34 52 56 56
49 29 0 42
19 13 31 13
40 33 40 7
19 58 27 20
2 44 20 10
57 40 61 12
31 31 10 34
52 56 56 49
29 0 42 0
13 31 13 40
33 40 7 19
58 27 20 2
44 20 10 57
40 61 12 31
31 10 34 52
56 56 49 29
0 42 0 0
49 55 22 19
46 28 15 25
27 59 55 4
23 56 13 19
15 50 20 38
12 61 1 1
2 24 26 28
62 0 1 37
55 22 19 46
28 15 25 27
59 55 4 23
56 13 19 15
50 20 38 12
61 1 1 2
24 26 28 62
0 1 37 0
22 19 46 28
15 25 27 59
55 4 23 56
13 19 15 50
20 38 12 61
1 1 2 24
26 28 62 0
1 37 0 0
19 61 30 13
23 46 40 26
25 29 1 55
61 5 29 35
63 37 44 53
35 50 9 61
54 53 6 45
24 33 52 16
61 30 13 23
46 40 26 25
29 1 55 61
5 29 35 63
37 44 53 35
50 9 61 54
53 6 45 24
33 52 16 0
30 13 23 46
40 26 25 29
1 55 61 5
29 35 63 37
44 53 35 50
9 61 54 53
6 45 24 33
52 16 0 0
49 35 59 42
34 58 14 53
41 32 22 29
17 15 8 61
37 57 60 24
37 11 16 55
26 55 61 18
39 60 23 7
35 59 42 34
58 14 53 41
32 22 29 17
15 8 61 37
57 60 24 37
11 16 55 26
55 61 18 39
60 23 7 0
59 42 34 58
14 53 41 32
22 29 17 15
8 61 37 57
60 24 37 11
16 55 26 55
61 18 39 60
23 7 0 0
6 40 12 62
25 41 50 56
56 25 7 51
7 58 24 19
26 16 32 62
10 43 39 7
8 36 55 43
50 2 12 57
40 12 62 25
41 50 56 56
25 7 51 7
58 24 19 26
16 32 62 10
43 39 7 8
36 55 43 50
2 12 57 0
12 62 25 41
50 56 56 25
7 51 7 58
24 19 26 16
32 62 10 43
39 7 8 36
55 43 50 2
12 57 0 0
16 15 6 46
8 6 45 34
14 36 2 21
17 25 0 53
17 29 50 11
30 51 4 34
11 18 20 43
61 62 16 2
15 6 46 8
6 45 34 14
36 2 21 17
25 0 53 17
29 50 11 30
51 4 34 11
18 20 43 61
62 16 2 0
6 46 8 6
45 34 14 36
2 21 17 25
0 53 17 29
50 11 30 51
4 34 11 18
20 43 61 62
16 2 0 0
29 10 5 52
23 38 49 9
18 41 30 45
52 42 2 63
49 18 32 7
57 63 6 25
55 55 41 61
44 24 35 53
10 5 52 23
38 49 9 18
41 30 45 52
42 2 63 49
18 32 7 57
63 6 25 55
55 41 61 44
24 35 53 0
5 52 23 38
49 9 18 41
30 45 52 42
2 63 49 18
32 7 57 63
6 25 55 55
41 61 44 24
35 53 0 0
4 52 6 14
5 0 20 43
9 63 43 18
31 23 20 59
40 56 8 62
57 47 41 24
34 42 25 28
16 18 36 52
52 6 14 5
0 20 43 9
63 43 18 31
23 20 59 40
56 8 62 57
47 41 24 34
42 25 28 16
18 36 52 0
6 14 5 0
20 43 9 63
43 18 31 23
20 59 40 56
8 62 57 47
41 24 34 42
25 28 16 18
36 52 0 0
7 3 7 58
34 25 12 28
5 40 61 28
2 5 24 48
32 51 13 38
10 56 39 36
17 15 21 52
24 39 57 48
3 7 58 34
25 12 28 5
40 61 28 2
5 24 48 32
51 13 38 10
56 39 36 17
15 21 52 24
39 57 48 0
7 58 34 25
12 28 5 40
61 28 2 5
24 48 32 51
13 38 10 56
39 36 17 15
21 52 24 39
57 48 0 0
36 61 7 5
62 9 44 45
33 43 56 63
18 40 44 59
52 47 22 22
27 54 15 33
8 56 0 51
17 17 44 28
61 7 5 62
9 44 45 33
43 56 63 18
40 44 59 52
47 22 22 27
54 15 33 8
56 0 51 17
17 44 28 0
7 5 62 9
44 45 33 43
56 63 18 40
44 59 52 47
22 22 27 54
15 33 8 56
0 51 17 17
44 28 0 0
60 52 11 34
56 13 28 9
21 55 17 25
6 30 0 32
54 46 59 34
30 2 31 38
34 5 24 22
42 50 38 33
52 11 34 56
13 28 9 21
55 17 25 6
30 0 32 54
46 59 34 30
2 31 38 34
5 24 22 42
50 38 33 0
11 34 56 13
28 9 21 55
17 25 6 30
0 32 54 46
59 34 30 2
31 38 34 5
24 22 42 50
38 33 0 0
44 18 56 49
38 58 53 9
25 14 15 11
22 30 2 29
50 24 11 53
44 50 52 1
3 42 54 40
41 60 24 61
18 56 49 38
58 53 9 25
14 15 11 22
30 2 29 50
24 11 53 44
50 52 1 3
42 54 40 41
60 24 61 0
56 49 38 58
53 9 25 14
15 11 22 30
2 29 50 24
11 53 44 50
52 1 3 42
54 40 41 60
24 61 0 0
19 54 57 11
32 34 5 16
39 7 7 18
43 14 34 63
30 58 30 58
57 8 52 13
2 20 36 38
18 43 2 47
54 57 11 32
34 5 16 39
7 7 18 43
14 34 63 30
58 30 58 57
8 52 13 2
20 36 38 18
43 2 47 0
57 11 32 34
5 16 39 7
7 18 43 14
34 63 30 58
30 58 57 8
52 13 2 20
36 38 18 43
2 47 0 0
46 1 51 36
7 25 39 14
24 31 63 60
53 26 27 17
11 49 41 44
43 20 39 2
22 60 3 46
44 8 4 46
1 51 36 7
25 39 14 24
31 63 60 53
26 27 17 11
49 41 44 43
20 39 2 22
60 3 46 44
8 4 46 0
51 36 7 25
39 14 24 31
63 60 53 26
27 17 11 49
41 44 43 20
39 2 22 60
3 46 44 8
4 46 0 0
46 52 22 34
57 29 57 26
51 2 53 33
28 33 51 34
51 7 35 22
28 6 6 52
28 8 46 59
43 20 12 21
52 22 34 57
29 57 26 51
2 53 33 28
33 51 34 51
7 35 22 28
6 6 52 28
8 46 59 43
20 12 21 0
22 34 57 29
57 26 51 2
53 33 28 33
51 34 51 7
35 22 28 6
6 52 28 8
46 59 43 20
12 21 0 0
57 2 58 26
36 15 36 14
45 35 62 37
6 23 46 54
22 14 42 27
51 11 30 21
42 42 41 48
32 18 26 9
2 58 26 36
15 36 14 45
35 62 37 6
23 46 54 22
14 42 27 51
11 30 21 42
42 41 48 32
18 26 9 0
58 26 36 15
36 14 45 35
62 37 6 23
46 54 22 14
42 27 51 11
30 21 42 42
41 48 32 18
26 9 0 0
49 43 51 54
7 42 12 43
13 1 31 11
9 36 10 55
42 39 62 23
28 44 28 19
44 55 39 62
46 43 47 23
43 51 54 7
42 12 43 13
1 31 11 9
36 10 55 42
39 62 23 28
44 28 19 44
55 39 62 46
43 47 23 0
51 54 7 42
12 43 13 1
31 11 9 36
10 55 42 39
62 23 28 44
28 19 44 55
39 62 46 43
47 23 0 0
3 32 48 37
41 2 51 33
29 5 41 38
38 48 9 56
34 34 19 16
53 21 44 18
18 10 34 58
56 62 61 30
32 48 37 41
2 51 33 29
5 41 38 38
48 9 56 34
34 19 16 53
21 44 18 18
10 34 58 56
62 61 30 0
48 37 41 2
51 33 29 5
41 38 38 48
9 56 34 34
19 16 53 21
44 18 18 10
34 58 56 62
61 30 0 0
15 58 11 56
17 20 8 35
22 16 34 49
21 52 28 22
9 9 36 19
14 35 12 13
53 34 14 5
40 33 43 20
58 11 56 17
20 8 35 22
16 34 49 21
52 28 22 9
9 36 19 14
35 12 13 53
34 14 5 40
33 43 20 0
11 56 17 20
8 35 22 16
34 49 21 52
28 22 9 9
36 19 14 35
12 13 53 34
14 5 40 33
43 20 0 0
57 28 35 32
62 34 2 63
52 33 58 59
36 13 16 63
45 3 32 22
55 10 39 6
10 57 31 41
25 5 26 18
28 35 32 62
34 2 63 52
33 58 59 36
13 16 63 45
3 32 22 55
10 39 6 10
57 31 41 25
5 26 18 0
35 32 62 34
2 63 52 33
58 59 36 13
16 63 45 3
32 22 55 10
39 6 10 57
31 41 25 5
26 18 0 0
48 59 19 23
4 18 51 44
46 52 24 52
5 29 6 35
44 10 16 59
35 41 31 21
41 10 31 14
21 61 0 33
59 19 23 4
18 51 44 46
52 24 52 5
29 6 35 44
10 16 59 35
41 31 21 41
10 31 14 21
61 0 33 0
19 23 4 18
51 44 46 52
24 52 5 29
6 35 44 10
16 59 35 41
31 21 41 10
31 14 21 61
0 33 0 0
53 62 27 25
42 4 27 35
59 0 25 63
19 27 42 56
30 24 37 5
15 7 59 57
57 2 15 52
50 28 10 0
62 27 25 42
4 27 35 59
0 25 63 19
27 42 56 30
24 37 5 15
7 59 57 57
2 15 52 50
28 10 0 0
27 25 42 4
27 35 59 0
25 63 19 27
42 56 30 24
37 5 15 7
59 57 57 2
15 52 50 28
10 0 0 0
31 57 30 30
18 11 11 4
47 9 55 27
51 30 15 38
43 32 44 52
61 17 39 0
29 57 5 45
37 13 9 10
57 30 30 18
11 11 4 47
9 55 27 51
30 15 38 43
32 44 52 61
17 39 0 29
57 5 45 37
13 9 10 0
30 30 18 11
11 4 47 9
55 27 51 30
15 38 43 32
44 52 61 17
39 0 29 57
5 45 37 13
9 10 0 0
53 29 60 51
21 12 19 36
23 6 31 2
9 50 26 24
26 19 39 3
3 28 6 12
39 34 49 53
2 38 50 43
29 60 51 21
12 19 36 23
6 31 2 9
50 26 24 26
19 39 3 3
28 6 12 39
34 49 53 2
38 50 43 0
60 51 21 12
19 36 23 6
31 2 9 50
26 24 26 19
39 3 3 28
6 12 39 34
49 53 2 38
50 43 0 0
20 62 50 58
26 59 40 18
59 24 31 7
54 38 6 57
17 44 18 3
53 1 50 39
25 18 53 36
2 28 14 9
62 50 58 26
59 40 18 59
24 31 7 54
38 6 57 17
44 18 3 53
1 50 39 25
18 53 36 2
28 14 9 0
50 58 26 59
40 18 59 24
31 7 54 38
6 57 17 44
18 3 53 1
50 39 25 18
53 36 2 28
14 9 0 0
45 7 38 22
18 22 6 26
37 0 24 58
38 24 60 40
52 58 16 24
37 14 34 12
22 57 53 0
13 1 60 35
7 38 22 18
22 6 26 37
0 24 58 38
24 60 40 52
58 16 24 37
14 34 12 22
57 53 0 13
1 60 35 0
38 22 18 22
6 26 37 0
24 58 38 24
60 40 52 58
16 24 37 14
34 12 22 57
53 0 13 1
60 35 0 0
45 30 43 41
15 46 27 16
17 61 17 13
6 9 24 1
3 16 58 60
32 49 8 26
54 46 42 26
43 22 38 7
30 43 41 15
46 27 16 17
61 17 13 6
9 24 1 3
16 58 60 32
49 8 26 54
46 42 26 43
22 38 7 0
43 41 15 46
27 16 17 61
17 13 6 9
24 1 3 16
58 60 32 49
8 26 54 46
42 26 43 22
38 7 0 0
7 4 31 8
29 22 61 31
39 11 33 13
43 62 62 0
47 16 56 9
24 63 49 24
15 23 55 38
53 27 49 49
4 31 8 29
22 61 31 39
11 33 13 43
62 62 0 47
16 56 9 24
63 49 24 15
23 55 38 53
27 49 49 0
31 8 29 22
61 31 39 11
33 13 43 62
62 0 47 16
56 9 24 63
49 24 15 23
55 38 53 27
49 49 0 0
25 52 42 4
59 9 5 3
57 19 5 23
40 62 21 44
25 3 27 58
18 10 16 48
51 30 8 27
19 44 43 51
52 42 4 59
9 5 3 57
19 5 23 40
62 21 44 25
3 27 58 18
10 16 48 51
30 8 27 19
44 43 51 0
42 4 59 9
5 3 57 19
5 23 40 62
21 44 25 3
27 58 18 10
16 48 51 30
8 27 19 44
43 51 0 0
41 12 61 60
60 33 7 41
11 49 0 57
11 25 57 38
41 28 49 3
24 7 24 10
46 18 9 59
9 14 43 35
12 61 60 60
33 7 41 11
49 0 57 11
25 57 38 41
28 49 3 24
7 24 10 46
18 9 59 9
14 43 35 0
61 60 60 33
7 41 11 49
0 57 11 25
57 38 41 28
49 3 24 7
24 10 46 18
9 59 9 14
43 35 0 0
52 9 52 16
62 33 35 49
25 15 26 32
41 53 56 25
20 35 9 55
13 36 30 47
22 44 14 2
29 38 42 31
9 52 16 62
33 35 49 25
15 26 32 41
53 56 25 20
35 9 55 13
36 30 47 22
44 14 2 29
38 42 31 0
52 16 62 33
35 49 25 15
26 32 41 53
56 25 20 35
9 55 13 36
30 47 22 44
14 2 29 38
42 31 0 0
35 47 57 34
5 16 28 33
22 23 27 46
37 58 45 20
6 2 0 49
40 46 24 25
33 11 42 13
12 58 39 40
47 57 34 5
16 28 33 22
23 27 46 37
58 45 20 6
2 0 49 40
46 24 25 33
11 42 13 12
58 39 40 0
57 34 5 16
28 33 22 23
27 46 37 58
45 20 6 2
0 49 40 46
24 25 33 11
42 13 12 58
39 40 0 0
14 15 16 43
56 36 39 9
44 24 15 13
37 13 59 14
15 3 56 58
37 0 24 27
0 20 40 7
63 54 49 21
15 16 43 56
36 39 9 44
24 15 13 37
13 59 14 15
3 56 58 37
0 24 27 0
20 40 7 63
54 49 21 0
16 43 56 36
39 9 44 24
15 13 37 13
59 14 15 3
56 58 37 0
24 27 0 20
40 7 63 54
49 21 0 0
53 23 18 61
25 35 46 26
36 44 43 62
55 43 14 16
51 61 54 10
54 49 30 47
7 45 5 48
18 59 23 61
23 18 61 25
35 46 26 36
44 43 62 55
43 14 16 51
61 54 10 54
49 30 47 7
45 5 48 18
59 23 61 0
18 61 25 35
46 26 36 44
43 62 55 43
14 16 51 61
54 10 54 49
30 47 7 45
5 48 18 59
23 61 0 0
5 32 2 24
36 53 31 26
49 16 21 43
47 39 15 57
28 12 11 17
21 45 46 18
16 2 23 38
29 48 38 16
32 2 24 36
53 31 26 49
16 21 43 47
39 15 57 28
12 11 17 21
45 46 18 16
2 23 38 29
48 38 16 0
2 24 36 53
31 26 49 16
21 43 47 39
15 57 28 12
11 17 21 45
46 18 16 2
23 38 29 48
38 16 0 0
62 0 33 27
47 29 26 12
20 45 1 6
14 62 51 45
3 25 3 8
33 16 11 26
52 22 44 34
55 50 11 57
0 33 27 47
29 26 12 20
45 1 6 14
62 51 45 3
25 3 8 33
16 11 26 52
22 44 34 55
50 11 57 0
33 27 47 29
26 12 20 45
1 6 14 62
51 45 3 25
3 8 33 16
11 26 52 22
44 34 55 50
11 57 0 0
7 52 27 55
61 32 54 6
32 27 18 40
23 13 2 43
53 58 33 12
9 10 22 6
10 1 16 37
6 56 31 36
52 27 55 61
32 54 6 32
27 18 40 23
13 2 43 53
58 33 12 9
10 22 6 10
1 16 37 6
56 31 36 0
27 55 61 32
54 6 32 27
18 40 23 13
2 43 53 58
33 12 9 10
22 6 10 1
16 37 6 56
31 36 0 0
29 23 40 28
25 6 60 9
54 27 3 49
46 41 26 3
1 25 17 1
22 9 41 53
38 44 61 51
22 51 59 52
23 40 28 25
6 60 9 54
27 3 49 46
41 26 3 1
25 17 1 22
9 41 53 38
44 61 51 22
51 59 52 0
40 28 25 6
60 9 54 27
3 49 46 41
26 3 1 25
17 1 22 9
41 53 38 44
61 51 22 51
59 52 0 0
42 30 6 38
28 50 55 50
11 13 54 62
14 50 17 28
32 16 37 8
17 42 47 58
56 21 34 44
13 56 10 31
30 6 38 28
50 55 50 11
13 54 62 14
50 17 28 32
16 37 8 17
42 47 58 56
21 34 44 13
56 10 31 0
6 38 28 50
55 50 11 13
54 62 14 50
17 28 32 16
37 8 17 42
47 58 56 21
34 44 13 56
10 31 0 0
23 25 29 6
23 59 17 5
0 42 41 28
9 61 50 41
20 37 55 19
9 47 3 8
60 20 53 44
28 55 9 17
25 29 6 23
59 17 5 0
42 41 28 9
61 50 41 20
37 55 19 9
47 3 8 60
20 53 44 28
55 9 17 0
29 6 23 59
17 5 0 42
41 28 9 61
50 41 20 37
55 19 9 47
3 8 60 20
53 44 28 55
9 17 0 0
15 1 27 61
61 26 46 25
9 43 60 44
56 39 60 15
61 41 22 55
26 13 14 25
3 23 29 14
10 46 8 39
1 27 61 61
26 46 25 9
43 60 44 56
39 60 15 61
41 22 55 26
13 14 25 3
23 29 14 10
46 8 39 0
27 61 61 26
46 25 9 43
60 44 56 39
60 15 61 41
22 55 26 13
14 25 3 23
29 14 10 46
8 39 0 0
53 31 3 50
33 32 54 2
45 6 20 52
5 18 18 43
7 26 28 22
50 4 26 28
52 62 39 14
0 51 31 24
31 3 50 33
32 54 2 45
6 20 52 5
18 18 43 7
26 28 22 50
4 26 28 52
62 39 14 0
51 31 24 0
3 50 33 32
54 2 45 6
20 52 5 18
18 43 7 26
28 22 50 4
26 28 52 62
39 14 0 51
31 24 0 0
3 31 43 6
39 3 57 0
53 62 18 44
62 11 35 19
14 25 62 54
27 43 25 62
57 50 10 14
9 26 50 36
31 43 6 39
3 57 0 53
62 18 44 62
11 35 19 14
25 62 54 27
43 25 62 57
50 10 14 9
26 50 36 0
43 6 39 3
57 0 53 62
18 44 62 11
35 19 14 25
62 54 27 43
25 62 57 50
10 14 9 26
50 36 0 0
11 54 38 15
46 9 24 54
18 62 54 45
27 52 48 50
19 63 29 40
15 44 29 58
56 8 13 35
59 31 35 20
54 38 15 46
9 24 54 18
62 54 45 27
52 48 50 19
63 29 40 15
44 29 58 56
8 13 35 59
31 35 20 0
38 15 46 9
24 54 18 62
54 45 27 52
48 50 19 63
29 40 15 44
29 58 56 8
13 35 59 31
35 20 0 0
22 0 35 44
42 27 33 13
29 25 20 5
31 24 60 48
43 37 37 0
37 5 15 39
60 53 22 20
41 12 12 44
0 35 44 42
27 33 13 29
25 20 5 31
24 60 48 43
37 37 0 37
5 15 39 60
53 22 20 41
12 12 44 0
35 44 42 27
33 13 29 25
20 5 31 24
60 48 43 37
37 0 37 5
15 39 60 53
22 20 41 12
12 44 0 0
13 35 8 8
49 16 41 40
25 4 61 36
5 22 59 35
39 34 23 59
29 60 30 31
14 20 28 37
60 37 29 62
35 8 8 49
16 41 40 25
4 61 36 5
22 59 35 39
34 23 59 29
60 30 31 14
20 28 37 60
37 29 62 0
8 8 49 16
41 40 25 4
61 36 5 22
59 35 39 34
23 59 29 60
30 31 14 20
28 37 60 37
29 62 0 0
38 13 43 52
23 59 34 10
57 60 8 31
36 29 36 61
12 13 42 51
19 31 2 62
16 23 33 12
50 11 54 45
13 43 52 23
59 34 10 57
60 8 31 36
29 36 61 12
13 42 51 19
31 2 62 16
23 33 12 50
11 54 45 0
43 52 23 59
34 10 57 60
8 31 36 29
36 61 12 13
42 51 19 31
2 62 16 23
33 12 50 11
54 45 0 0
