1257 1503 1398 1646 1386 1352 1491 1738 2035 1912 1872 1752 1918 1556 1281 1164 1661 1801 1661 1110 1235 1298 1764 1992 1912 1739 1748 1946 1623 1414 1564 1749 1475 1555 1204 1441 1269 1634 1731 1524 1289 1145 815 536 311 673 927 1102 1149 855 918 799 1265 1880 1753 1322 781 1285 1613 2172 2239 2235
944 1042 961 1143 1407 1426 1239 1118 1417 1316 1411 1417 1621 1139 976 1048 1763 1789 1662 1382 1213 1189 1418 1952 1824 1531 1259 1643 1330 1648 1506 1677 1367 1488 1152 1152 1389 1954 2024 1459 987 874 709 502 678 925 1063 1034 1263 1475 1316 1040 1104 1554 1589 1239 825 1256 1729 2280 1933 1811
977 744 963 1396 1693 1702 1268 1317 1256 1307 1132 1208 1506 1463 1486 1636 1662 1372 996 916 971 767 985 1422 1631 1640 1352 1398 1209 1596 1531 1300 1136 1414 1326 1573 1413 1881 1565 1118 615 491 725 926 1191 1210 1233 1168 1324 1668 1304 1237 1022 1182 1028 769 930 1402 1811 1643 1043 1255
1472 1051 1313 1131 1163 1142 871 1017 1151 1417 1389 1577 1732 1502 1643 1935 2149 1529 1313 1214 1246 1101 1015 1473 1614 1639 1192 908 741 903 977 1090 1464 1535 1503 1309 1266 1665 1351 1112 780 725 1145 1335 1622 1343 1459 1174 1440 1364 1464 1320 1503 1483 1202 852 1246 1512 1560 1049 865 1048
1538 1191 1503 1146 1050 1039 1060 1298 1498 1968 1999 1671 1391 1100 1708 1792 2005 1583 1633 1210 940 893 700 1174 1389 1374 1221 966 1242 1432 1479 1474 1421 1115 1220 1448 1417 1248 1161 1443 1429 1291 1468 1477 1274 869 921 1004 1372 1307 1491 1236 1639 1459 1094 1010 1337 1803 1413 1037 1155 1079
2121 1716 1562 901 992 1309 1495 1562 1361 1702 2038 1949 1676 1539 1620 1317 1088 858 954 1138 1066 1283 967 1520 1300 1404 1307 1626 1416 1289 1279 1463 1509 1234 1575 1729 1655 1593 1666 1833 1349 932 893 951 1083 843 892 710 1143 1221 1574 1424 1341 1198 961 1213 1471 1945 1470 1282 1036 1019
1685 1928 1765 1410 1512 1779 1853 1719 1436 1530 1740 1898 1698 1480 1409 1292 1165 1237 1069 1134 1197 1332 1132 1243 1408 1758 1942 2027 1452 1383 1590 1982 1627 1502 1703 1660 1303 1275 1348 1455 866 843 802 762 1187 1189 1455 1393 1700 1684 1390 1533 1371 1700 1188 1215 1118 1797 1719 1412 985 1115
1690 1919 2064 1563 1626 1521 1435 1239 1282 1280 1423 1673 1958 1506 1556 1236 1520 1646 1491 1183 1360 1547 1362 1066 984 1550 1886 2016 1341 968 1136 1402 1206 1016 1350 1176 1350 1374 1297 1459 1143 1544 1480 1216 1243 913 1463 1398 1895 1728 1734 1885 1470 1647 1184 1037 836 1495 1626 1553 1141 1078
1049 1564 2037 1762 1836 1544 1638 1433 1442 1223 1543 1550 1753 1066 1349 1352 1764 2097 1911 1486 1413 1188 1062 981 1157 1628 1477 1337 1142 953 1466 1501 1342 940 1376 1309 1762 1626 1371 1423 1198 1586 1429 1258 1477 1503 1619 1398 1612 1799 1557 1432 1022 1366 1429 1587 1406 1334 1513 1670 1780 1778
1139 1413 1902 1508 1773 1559 1387 1528 1685 1591 1817 1606 1414 1010 963 1439 1475 1876 1805 1821 1723 1464 1496 1651 1615 1442 1419 1363 1305 905 913 1175 1351 1425 1446 1472 1651 1448 1126 1445 1578 1581 1194 952 1084 1020 1149 1401 1568 1488 1391 1540 1681 1756 1641 1370 1334 1274 1738 1830 2143 2088
1229 1290 1726 1382 1780 1877 1573 1500 1246 1560 1698 1385 1186 1048 1302 1699 1801 1742 1614 1655 1575 1664 1584 1481 1335 1497 1606 1740 1584 1359 1169 1208 1088 1117 1138 1525 1698 1774 1718 1671 1849 1545 1583 1130 942 574 967 1643 1976 1943 1817 1896 1821 1668 1356 972 1122 946 1417 1481 2042 2347
1332 1312 1463 1394 1333 1483 1103 1542 1369 1746 1316 1038 691 666 1164 1758 1758 1453 1215 1332 1090 1475 1769 1567 1635 1682 2082 1724 1382 1239 1339 1651 1316 1325 895 1212 1544 1926 2086 1820 1695 1546 1614 1137 642 468 982 1693 1723 1615 1321 1577 1518 1372 953 903 1323 1532 1592 1520 1606 1562
1377 1757 1415 1149 922 1114 889 1334 1123 1499 1356 1655 1301 1139 1183 1377 1020 1060 944 1292 913 1514 1391 1331 1553 1828 2234 1724 1421 1133 1352 1439 1480 1263 1050 1298 1530 2049 1769 1852 1638 1584 1494 1333 960 1014 949 1552 1366 1359 1208 1321 1220 1314 1195 1468 1379 1528 1544 1867 1896 1888
1180 1276 891 1106 1069 1450 1067 1215 781 1093 1255 1888 1730 1822 1784 1670 985 1039 1317 1461 1463 1415 1698 1627 1639 1622 1980 1874 1564 1422 1362 1524 1633 1400 1451 1194 1166 1464 1468 1796 1474 1184 1373 1683 1674 1667 1322 1439 1507 1337 1574 1575 1375 1512 1136 1274 1305 1605 1948 1846 1645 1706
1425 1468 1486 1488 1364 1243 1160 1117 1204 1098 1528 1466 1524 1405 1479 1164 1125 1412 1767 1631 1364 1069 977 1251 1627 1913 1740 1411 1131 1131 947 1003 1461 1398 1269 1175 1286 1534 1780 1523 1425 938 1082 1400 1663 1644 1405 1301 1306 1215 1161 1605 1641 2174 1683 1639 1490 1320 1186 1438 1570 2109
1409 1459 1649 1863 1773 1432 1309 901 1288 956 1611 1137 1359 878 1291 1328 1409 1266 1372 1351 1320 1349 1546 1827 1996 2194 1632 995 602 1003 888 1146 1263 1460 1515 1767 2030 1888 1890 1616 1524 1011 1177 1560 1740 1686 1689 1543 1343 933 693 1174 1431 1964 1387 1354 1352 1346 1378 1712 1920 2203
1349 1728 2008 2025 1753 1639 1504 1372 1438 950 1359 878 988 693 1096 1095 1407 1309 1515 1623 1271 1523 1572 1941 2063 1870 1473 816 792 696 968 1107 1315 1599 1540 1883 1604 1679 1447 1548 1619 1229 1151 1323 1328 1452 1624 1996 1502 1095 741 1236 1605 2068 1529 1140 936 1329 1320 1683 1668 1965
1250 1307 1283 1541 1332 1312 1061 1390 1610 1566 1643 1288 1358 1048 1488 1601 1885 1423 1576 1813 1822 1717 1712 1570 1475 1460 1338 1179 989 826 797 1128 1642 1816 1817 1744 1642 1558 1288 1269 1513 1279 1277 1113 1063 1031 1319 1605 1291 902 1020 1475 1921 2174 1575 1067 880 1391 1327 1474 1505 1931
1142 1272 955 1006 1199 1183 1308 1547 1591 1362 959 1264 1473 1610 1509 1670 1599 1357 1487 1915 1776 1509 1560 1734 1846 1473 1247 954 1192 1178 1097 957 1488 1637 1568 1331 1503 1818 1920 1431 1353 954 987 1048 1006 829 1072 1584 1802 1821 1553 1758 1790 2133 1715 1172 1049 1080 1167 1467 1569 1588
1331 1114 1118 1121 1466 1008 1193 1442 1777 1421 1310 1459 1608 1586 1511 1946 1588 1428 1630 2133 1692 1521 1632 1858 1785 1477 1326 1240 1608 1577 1190 969 1536 1834 2009 1991 2029 2158 2279 1737 1472 861 1002 1102 1015 624 557 837 999 1479 1420 1493 1303 1458 1465 1466 1674 1644 1578 1495 1523 1196
1519 1339 971 723 806 777 1107 1624 1669 1563 1363 1720 1356 1682 1392 1596 1011 987 1479 1937 1856 1968 1956 1724 1473 1534 1663 1500 1659 1839 1608 1380 1218 1353 1634 2092 2144 2099 2140 1675 1457 1196 1354 1198 1097 1095 1030 1088 923 1413 1562 1437 1203 1051 1102 1170 1446 1634 1484 1520 1524 1468
1540 1361 1210 1203 994 937 1179 1380 1488 1332 1141 1275 969 1617 1332 1651 1332 1441 1657 1795 1805 1821 2013 1817 1825 2038 2200 1672 1351 1119 1245 1393 1559 1693 1799 2152 1817 2025 2049 1822 1554 1423 1477 1258 1118 1242 1403 1203 1299 1587 1684 1583 1188 1440 969 1107 1243 1494 1599 1682 1539 1641
1627 1553 1147 1320 1181 1423 1702 1493 1312 1346 1283 1264 1228 1632 1789 1466 1109 1080 1561 1997 2100 1925 1736 1810 2069 1980 2095 1419 1416 908 936 1151 1322 1740 1539 1717 1471 1701 1513 1491 1683 1743 1549 1076 996 886 1223 1260 1612 1431 1444 1441 1573 1749 1099 794 871 1311 1759 2030 1837 1583
1694 2009 1732 1873 1529 1442 1487 1355 1379 1179 950 700 1289 1416 1599 1417 1438 1330 1258 1364 1481 1334 1442 1286 1337 1149 1534 1241 1427 810 1004 857 1418 1667 1629 1716 1378 1488 1219 1339 1611 1788 1436 882 732 690 1276 1114 1422 1404 1382 1270 1270 1439 1193 1208 1026 1395 1653 1883 1878 1669
1910 2207 1786 1360 1444 1701 1748 1324 1465 1526 1521 1139 1424 1519 1680 1445 1479 1647 1537 1186 972 965 1497 1661 1646 1097 1146 1207 1349 1033 1122 1355 1906 1897 1702 1353 998 961 915 1246 1359 1286 1116 1244 1109 849 716 1047 1331 1664 1604 1564 1474 1370 1347 1691 1719 1887 1990 1888 2115 1757
1399 1502 1087 864 1182 1645 1638 1446 1165 1479 1666 1715 1824 1449 1193 966 1116 1611 1352 1076 859 1296 1570 1793 1529 1667 1310 1560 1395 1191 1224 1218 1649 1559 1607 1387 1391 1377 1714 1877 1692 1319 995 1113 1238 1407 1102 1084 1240 1581 1709 1650 1719 1548 1484 1615 1933 1962 1864 1608 2000 1835
985 1149 818 920 905 1357 1587 1400 1507 1353 1853 1655 1893 1743 1849 1383 1082 1513 1441 1377 1107 1461 1329 1617 1668 1657 1051 1195 1498 1560 1772 1412 1447 1277 1482 1588 1655 1807 2139 2211 1773 1248 1215 1110 1045 1216 1386 1742 1673 1789 1502 1762 1807 1918 1565 1667 2049 2071 1970 1636 1818 1776
890 954 709 779 612 1084 1554 1445 1705 1239 1859 1243 1779 1794 2100 1858 1605 1547 1608 1338 1449 1594 1705 1682 1465 1236 1257 1702 2022 1844 1962 1706 1538 1242 1128 1538 1502 1894 1925 2077 1933 1403 1602 1437 1791 1772 1543 1525 1558 1945 1900 1907 1914 1792 1572 1711 1941 1978 1679 1765 1942 2121
1027 802 810 1071 1025 1239 1266 1137 1459 1328 1421 872 1335 1698 2056 2014 1672 1646 1286 1017 1042 1452 1466 1655 1481 1378 1403 1866 2281 2025 1714 1175 1372 1117 1364 1395 1601 1957 2209 2041 1988 1668 1737 1598 1773 1767 1590 1776 1484 1441 1526 1908 2226 1624 1440 1660 1657 1803 1638 1805 1869 2014
1218 1394 1312 1693 1280 1439 1305 1171 1219 1209 1320 1218 1439 1562 1454 1313 1111 1383 1569 1606 1242 1315 1349 1568 1243 1104 1434 1784 2218 1841 1657 1131 1369 919 1296 1179 1561 1445 1511 1450 1490 1486 1563 1814 1778 1641 1607 1963 1576 1439 1384 1696 1594 1140 1293 1724 1667 1460 1498 1558 1660 1693
1137 1618 1920 1902 1399 1051 1246 1038 1496 1333 1193 1180 1529 1675 1304 929 1080 1235 1681 1346 1092 1076 968 1574 1480 1453 1332 1381 1558 1441 1408 1496 1590 1507 1503 1228 1226 1131 1570 1744 1926 1631 1421 1693 1676 1440 1047 1606 1234 1338 1279 1782 1610 1438 1285 1392 1179 954 994 893 1028 1189
1288 1400 1672 1408 1617 1219 1580 1033 1407 1203 1118 1208 1489 1901 1679 1120 1021 909 1480 1226 889 646 725 1057 1462 1716 1635 1384 1300 1237 1237 1542 1567 1713 1670 1590 1526 1627 1823 2131 1925 1559 1041 1542 1582 1449 789 1282 1134 1456 1132 1640 1655 1763 1691 1693 1344 1162 1302 1188 1079 1326
1520 1369 1910 1618 2003 1286 1173 1035 1580 1579 1360 1062 1490 1629 1487 909 988 1002 1374 1443 1162 1218 847 899 1148 1550 1484 1270 992 1250 1515 1616 1639 1349 1531 1329 1477 1456 1352 1384 1531 1451 1358 1753 1548 1342 1009 1297 1102 1264 1391 1898 2077 1768 1362 953 1287 1178 1579 1093 967 828
1247 1119 1464 1578 1718 1407 1137 1138 1234 1463 1735 1522 1276 1350 1634 1478 1339 1016 1193 1307 1423 1191 969 1048 1526 1619 1120 955 866 957 1346 1524 1542 1010 1028 1309 1536 1546 1331 1334 1665 1538 1470 1768 1892 1873 1737 1803 1822 1760 1429 1446 1761 1860 1427 1182 1448 1408 1552 1358 1377 1578
1103 1036 1314 1746 1583 1198 1075 1274 1181 996 1245 1352 1345 1266 1674 1713 1656 1193 1147 1029 1093 1079 1264 1178 1533 1328 962 815 1107 1436 1767 1555 1322 934 1270 1439 1647 1272 1172 1232 1842 1980 2025 2033 1876 2012 1923 1996 1991 1857 1511 1059 1520 1692 1596 1495 1595 1458 1312 1198 949 1433
1028 1032 1450 1957 2097 1626 1730 1302 1114 951 1203 1559 1489 1671 1562 1781 1415 1596 1420 1636 1695 1848 1571 1178 1228 1425 1641 1333 1569 1436 1716 1706 1553 1655 1889 1574 1395 865 1063 1055 1787 2103 2390 2137 2058 2188 2195 2284 2277 1737 1240 1145 1491 1758 1728 1503 1516 1206 1134 994 934 1464
639 740 1371 2007 1919 1299 1374 1240 1299 1238 1120 1637 1463 1463 1073 1080 1290 1490 1411 1530 1596 1917 1319 1087 864 1342 1788 1870 1742 1478 1337 1485 1486 1945 2010 1594 1378 1216 1334 1378 1517 1907 1733 1979 1620 2127 1904 2270 1810 1262 988 1035 1194 1409 1882 1910 1612 1067 731 854 927 1607
653 793 1089 1234 1160 1133 1217 1155 1174 1304 1185 1675 1542 1773 1452 1376 1623 1469 1633 1493 1584 1804 1285 1432 868 1444 1724 1682 1211 769 1121 1571 1604 1509 1667 1345 1559 1583 1897 1810 1661 1835 1546 1864 1547 1902 1794 1944 1493 1289 1549 1385 1265 1064 1364 1368 1195 1165 680 716 1060 1635
835 1316 1097 987 946 1416 1439 1562 1313 1348 831 1455 1468 1837 1831 1661 1889 1221 1182 1236 1347 1338 856 898 566 1254 1665 1881 1649 1500 1553 1555 1458 1576 1633 1431 1288 1415 1594 1962 1834 1961 1327 1209 1012 1406 1351 1252 1193 1209 1385 995 963 1256 1106 1374 1045 1142 590 617 910 1305
1553 1856 1674 1269 1129 1362 1326 1407 1282 1584 1309 1334 1214 1549 1942 1613 1403 1015 1167 1325 1380 1434 1007 1203 1005 1709 1629 1821 1833 2035 2115 1707 1350 1001 1542 1477 1783 1824 1936 1765 1645 1319 1285 1068 1107 1281 1392 1148 934 1031 1000 938 1221 1389 1116 1153 1421 1670 1263 996 881 971
1575 1455 1417 1190 1418 1735 1715 1443 1348 1452 1370 1365 1332 1728 1717 1631 1333 1184 930 1326 1592 1671 1041 959 974 1493 1297 1324 1221 1646 1496 1429 1036 1142 1157 1301 1722 1965 2141 1868 1798 1268 1021 919 1401 1492 1653 1109 1236 1212 1430 1579 1670 1411 1350 1386 2001 2096 1791 1227 1078 1343
1078 1317 1398 1256 1416 1521 1956 1786 1546 1216 805 1084 1079 1678 1557 1689 1149 1368 1384 1961 2112 2217 1399 1333 948 1447 1391 1562 1575 1851 1568 1603 1167 1104 728 662 1179 1545 1882 1919 2106 1693 1461 1476 1830 1846 2021 1748 1882 1733 1695 1353 1546 1408 1821 1975 1973 1992 1354 1108 887 1382
1330 1442 1211 1054 1607 1399 1728 1226 1319 1178 858 899 916 1600 1740 1981 1683 1863 1431 1627 1453 1428 1107 1270 1483 1931 1676 1704 1838 2010 1465 1223 1082 1261 1106 788 1298 1522 1656 1799 2081 1741 1278 1168 1573 1713 1740 1719 1945 2036 2061 1376 1516 1674 2347 2194 1781 1731 1295 1063 724 849
1038 1225 1168 1403 1478 1484 1418 1561 1218 1312 915 1296 1470 1894 1913 1563 1625 1471 1358 1019 1083 1081 1310 1545 2004 1861 1861 1379 1712 1815 1763 1393 1423 1458 1607 970 1409 1292 1381 1463 1911 1930 1854 1905 2057 1628 1367 1385 1807 1677 1536 1028 1208 1268 1563 1478 1151 1248 1065 1396 1460 1231
1418 1439 1651 1462 1527 1559 1496 1415 1222 1383 1352 1609 1697 1915 1673 1255 1474 1433 1366 851 664 669 1051 1311 1649 1587 1632 1376 1610 1368 1182 1174 1290 1626 1524 1115 1414 1055 1437 1679 2317 2101 1741 1404 1235 1355 1177 1273 1079 1318 1603 1325 1064 659 1164 1003 1322 1489 1471 1257 1246 940
1604 1818 1872 1390 1477 1336 1374 1092 1227 1229 1376 1425 1585 1594 1617 1018 1342 1430 1745 1454 1162 957 1004 1131 1334 1647 1612 1203 1031 1058 1121 1130 1342 1711 1902 1720 1470 1109 1333 1771 1888 1735 1641 1454 1249 1022 1304 1307 1442 1101 1135 1192 1070 1246 1204 1182 1030 1125 1416 1630 1527 882
1292 1660 1763 1610 1585 1140 917 693 1404 1795 1585 1444 1270 1371 1270 1223 1690 2011 2154 2117 1748 1277 814 957 1232 1561 1339 1210 1393 1284 1419 1138 1076 990 1398 1463 1656 1343 1528 1696 1871 1778 1806 1551 1246 1149 1496 1546 1762 1552 1694 1589 1534 1459 1086 1242 970 1192 918 1321 1037 819
813 1136 1249 1391 1489 1121 748 490 1333 1622 1277 940 773 1131 1280 1620 1985 1965 1975 1809 1895 1650 1142 1191 1113 1598 1450 1583 1697 1866 1971 1689 1154 952 1138 1573 1921 1854 1663 1537 1352 1166 1269 1199 1054 927 1540 1660 1656 1576 1624 1759 1477 1482 1327 1621 1171 1184 1229 1366 1189 843
1293 1449 1286 1120 1160 1000 1126 1025 1665 1542 1164 1063 1283 1639 1418 1322 1386 1716 2021 2033 2160 1954 1461 1556 1353 1718 1527 1811 1829 1609 1345 1095 1059 1064 1152 1179 1688 2020 1988 1909 1610 1215 1293 1237 1447 1290 1642 1837 1664 1691 1283 1287 1324 1731 1865 1791 1327 1293 1476 1344 1260 879
1522 1618 1522 969 1018 1160 1677 1343 1409 1405 1603 1793 1942 1900 1669 1375 1581 1636 1988 1567 1552 1281 1025 1017 1247 1403 1690 1613 1526 1215 1199 1423 1767 1589 1441 1181 1597 2080 1954 1577 1506 1173 1670 1412 1768 1215 1216 1523 1587 1831 1184 1050 952 1607 1550 1777 1469 1624 1593 1584 1777 1663
1079 1399 1624 1045 772 665 1050 1296 1535 1893 1606 1835 1985 1810 1368 1054 1408 1666 1767 1148 855 877 1256 1412 1832 1301 1707 1429 1775 1276 1182 1012 1141 1057 1074 1266 1457 1673 1654 1374 1719 1273 1713 1680 1938 1767 1535 1535 1337 1462 1328 1252 1264 1383 1462 1409 1471 1356 1185 1304 1627 1913
892 1279 1665 1761 1638 1472 1122 1378 1484 2190 1663 1617 1232 1455 1467 1361 1493 1635 1668 1130 773 919 1297 1139 1628 1053 1224 882 1082 854 755 593 816 1164 1575 1935 1509 1648 1185 1070 1464 1368 1729 1301 1502 1269 1127 875 725 1274 1332 1603 1577 1828 1704 1283 1047 885 963 1006 1246 1705
1131 1344 1814 1749 1860 1487 1120 1030 1554 1907 1521 1229 1205 1199 1078 960 1274 1624 1502 1494 1553 1896 1781 1471 1520 1137 956 809 770 1001 864 868 1021 1523 1594 1981 1614 1918 1546 1632 1766 1717 1814 1563 1490 1539 1171 1264 1261 1661 1476 1507 1620 1517 1278 1023 1267 1234 1415 979 940 957
1240 905 1426 1478 1563 1359 1064 1262 1681 2066 1573 1482 1356 1249 1092 871 1343 1583 1758 1817 1792 1986 1816 1658 1794 1691 1390 1135 1219 1261 975 742 1287 1999 2220 1964 1741 1767 1460 1265 1147 1104 1548 1659 1759 1740 1347 1739 1562 1530 969 912 1271 1096 1191 811 1405 1589 1916 1518 1370 1137
1291 785 919 1391 1746 1586 1306 1459 1718 1988 1579 1782 1412 1465 1335 1417 1258 1415 1562 1925 1918 2162 1702 1309 1360 1785 1971 1555 1649 1534 1715 1231 1377 1538 1712 1549 1438 1586 1720 1426 860 438 1088 1281 1773 1454 1374 1209 1535 1358 1393 1393 1716 1503 1572 1069 1604 1735 2245 1563 1181 1061
1774 1333 1330 1440 1633 1780 1507 1361 1043 1128 1185 1751 1327 1154 1262 1578 1794 1870 1835 1522 1414 1614 1826 1485 1297 1442 1635 1303 1166 1047 1651 1503 1410 1002 1475 1246 1131 908 1223 966 879 443 1273 1147 1884 1574 1581 1354 1728 1752 1854 1560 1776 1599 1761 1135 1075 1298 1955 1895 1705 1695
1578 1179 1290 1358 1907 1948 2070 1575 1278 1095 1191 1556 1597 1790 1913 1656 1499 1273 1217 1151 1406 1616 1669 1430 1049 1189 1039 929 1001 1484 2019 1789 1707 1260 1749 1462 1339 935 1429 1061 1301 821 1411 1256 2007 1933 1531 1491 1717 1661 1772 1834 2187 2020 1698 1323 1401 1323 1689 1645 1764 1766
1373 1464 1488 1376 1545 1663 1693 1605 1553 1168 1128 1098 1544 1404 1600 1401 1302 1113 1016 917 1404 1236 1410 1221 888 912 893 925 864 1130 1774 1926 1776 1423 1839 1525 1504 1291 1594 1352 1473 1272 1591 1607 2181 1865 1308 1364 1750 1720 1419 1538 1648 1647 1610 1766 2077 1835 2023 1825 2085 1576
1170 1307 1134 1161 1496 1603 1372 1443 1391 1453 1017 1300 1471 1811 1760 1661 1212 1305 1227 1163 1323 1024 1193 1370 1116 1206 1023 1486 1255 1272 1179 1403 1198 1087 1253 1325 1687 1839 1641 1096 1172 1316 1442 1508 1890 1821 1686 1517 1496 1187 1103 1308 1215 1533 1424 1569 1886 1898 2048 1488 1717 1291
1044 1189 1351 1553 1607 1450 1157 1695 1816 1756 1413 1699 1623 1818 1316 1547 974 1315 1443 1411 1652 1322 1520 1305 1275 1504 1542 1636 1553 1722 1497 1635 1145 1191 1342 1456 1474 1727 1257 1453 1182 1467 1545 1738 1659 1352 1126 943 1122 1328 1364 1625 1229 1284 1376 1511 1647 1755 1866 1723 1680 1529
1236 1205 1313 1558 1485 1257 863 1141 1248 1266 1133 1408 1190 1402 1164 1313 969 1293 1766 1930 1989 1698 1584 1344 1138 1325 1528 1494 1705 1620 1641 1313 1228 1459 1825 1783 1696 1666 1168 1288 982 1443 1529 1635 1586 1079 1339 1068 1430 1674 1800 2015 1702 1858 1547 1653 1682 2065 1972 1835 1349 1448
884 931 1379 1693 1323 916 511 1038 1533 1553 1200 1226 1103 1102 758 758 629 1223 1410 1899 1467 1816 1468 1366 1154 1479 1654 1227 1187 1375 1803 1851 1608 1563 1568 1320 1059 1371 1498 1551 1367 1344 1430 1579 1862 1608 1802 1726 1765 1466 1267 1557 1561 1832 1657 1745 1428 1531 1571 1563 1108 1066
